1	40	21574	21687
1	29	21578	21687
1	34	21574	21796
1	41	21578	21913
1	5	21687	22024
1	22	22024	22029
1	11	22029	22145
1	4	21796	22496
1	35	22145	22496
1	9	22387	22501
1	7	22268	22508
1	34	22145	22750
1	26	22387	22750
1	9	22628	22750
1	5	22628	22754
1	19	22628	22754
1	35	22508	22863
1	4	22508	22863
1	4	23256	23263
1	41	23740	23747
1	34	23626	24926
1	41	24109	24926
1	41	25552	25790
1	34	25184	25905
1	8	26758	26876
1	39	26758	26876
1	41	26629	27004
1	34	27343	27851
1	34	28096	28980
1	41	28096	31471
1	41	31710	32779
1	34	29331	33156
1	29	34459	34466
1	29	40905	41015
1	29	43226	44077
1	29	44807	52042
1	29	52167	55219
1	29	55589	60041
1	29	60407	60902
1	29	61150	65084
1	29	65433	68238
1	29	68579	70061
1	40	72555	72796
1	24	73044	73284
1	5	73291	73511
1	15	73639	73758
1	40	73402	73871
1	24	73871	74094
1	17	73291	74455
1	15	74094	74455
1	6	74094	74455
1	40	74455	74575
1	24	74455	74685
1	13	73284	74688
1	17	74688	74814
1	19	74685	75056
1	5	75053	75166
1	17	75166	75622
1	40	75404	75622
1	6	75883	76010
1	9	75883	76010
1	40	75883	76257
1	17	76257	76488
1	28	76488	76605
1	40	76725	76850
1	6	76725	76850
1	15	76725	76854
1	9	76854	76859
1	13	76975	76978
1	5	76859	76982
1	17	76975	76982
1	26	76978	77095
1	37	76982	77099
1	33	76982	77099
1	6	77209	77461
1	40	77095	77573
1	17	77338	77702
1	15	77575	77702
1	36	77209	77707
1	13	77575	77707
1	19	77953	78085
1	40	78080	78210
1	36	78080	78214
1	37	78080	78214
1	13	78085	78214
1	17	78210	78214
1	6	78217	78454
1	24	78449	78454
1	15	78449	78575
1	40	78699	78706
1	15	78956	79208
1	40	79082	79542
1	24	79542	79885
1	40	79885	79995
1	6	79885	80230
1	17	80249	80494
1	40	80249	80499
1	16	80494	80733
1	19	80624	80985
1	40	80985	81110
1	6	80859	81117
1	24	81485	81596
1	22	81824	81950
1	15	81950	82193
1	7	82314	82321
1	23	82314	82452
1	6	82571	82683
1	20	82911	82918
1	16	83286	83307
1	34	83796	83911
1	36	84033	84159
1	5	84381	84614
1	34	84614	84621
1	36	84498	84858
1	30	84858	85472
1	5	84858	85472
1	36	85715	86076
1	36	86432	86567
1	34	87529	87762
1	7	88451	88562
1	29	88451	88676
1	24	88562	88790
1	40	88676	89156
1	27	89275	89393
1	28	89393	89502
1	4	89038	89744
1	32	89038	89744
1	39	89393	89857
1	40	89502	89857
1	15	89616	89857
1	4	90086	90205
1	14	90198	90449
1	39	91070	91438
1	11	92260	92382
1	32	93089	93832
1	34	93707	94189
1	36	94427	96381
1	29	98610	98624
1	37	98624	98631
1	27	98996	99461
2	7	76844	76963
2	36	76844	77084
2	38	77205	77328
2	13	77205	77453
2	15	77453	77577
2	19	76963	77820
2	15	77947	78422
2	39	78298	78422
2	6	78422	78537
2	23	79046	79162
2	34	79162	79509
2	40	80431	80542
2	19	79981	80656
2	17	80542	80770
2	29	80770	81136
2	10	81136	81255
2	9	81255	81602
2	24	81373	81602
2	22	81482	81602
2	36	81596	81602
2	32	81829	81944
2	7	82056	82063
2	6	82056	82188
2	39	83180	83530
2	34	83530	83537
2	1	84825	84947
2	34	84947	84954
2	40	87737	87861
2	26	87861	87991
2	34	87737	88110
2	23	87861	88110
2	25	87861	88357
2	7	88596	88842
2	26	89210	89214
2	35	89210	89214
2	19	89214	89468
2	24	89489	89496
2	32	89615	89981
2	24	89854	90102
2	8	89981	90102
2	14	89847	90464
2	1	90967	91078
2	14	90967	91193
2	38	91191	91193
2	4	91191	91193
2	27	91191	91194
2	39	91194	91199
2	34	91199	91315
2	1	91199	91315
2	4	91315	91441
2	32	91441	91564
2	13	91194	91692
2	39	91564	91692
2	34	91692	91806
2	4	91806	91813
2	13	91932	92044
2	34	92044	92401
2	3	93702	94414
2	3	94674	94803
2	9	95399	95522
2	34	96011	96018
3	39	21944	21956
3	7	21949	21956
3	1	21949	21956
3	22	21949	21956
3	10	21944	21959
3	5	21949	21959
3	41	21952	21959
3	20	21956	21959
3	5	22428	22540
3	20	22428	22888
3	19	22540	22888
3	4	22428	22892
3	24	22540	22892
3	14	22774	22892
3	34	22774	23013
3	38	23013	23124
3	39	22892	23241
3	35	22888	23245
3	19	23124	23361
3	21	23124	23361
3	36	23245	23361
3	26	23245	23361
3	4	23241	23475
3	22	23241	23475
3	34	23245	23475
3	11	23361	23475
3	41	23245	23598
3	5	23598	23603
3	25	23598	23727
3	37	23603	23733
3	34	23727	23733
3	19	23727	23842
3	8	23733	23842
3	26	23727	23962
3	41	23733	23962
3	21	23733	24072
3	30	23962	24187
3	17	23962	24319
3	11	24072	24435
3	4	23962	24561
3	21	24431	24561
3	10	24431	24561
3	32	24431	24678
3	38	24678	24793
3	26	24561	25020
3	25	24561	25020
3	10	25020	25023
3	22	23962	25133
3	4	24793	25133
3	32	25020	25133
3	35	23727	25259
3	38	25133	25259
3	37	28851	28858
3	10	65856	65976
3	1	74968	74975
3	40	75091	75336
3	5	75336	75350
3	17	75343	75357
3	9	75336	75364
3	6	78489	78624
3	13	80508	80847
3	35	80733	80847
3	27	81673	81801
3	14	81801	81914
3	1	82028	82255
3	15	82255	82258
3	39	82255	82258
3	32	82143	82261
3	26	82640	82876
3	15	83849	84191
3	20	83960	85013
3	26	84313	85013
3	20	85259	85381
3	26	85508	85515
3	22	85890	86120
3	26	86488	86970
3	36	87934	88065
3	39	89155	89162
3	39	89808	89932
3	19	89808	90053
3	5	89928	90289
3	4	89808	90415
3	1	90415	90419
3	8	90430	90431
3	32	89932	90545
3	27	89932	90545
3	4	90430	90789
3	15	90679	90789
3	22	91260	91267
3	27	91383	91509
3	32	91267	91632
3	2	91383	91874
3	13	90415	91881
3	39	91760	92000
3	4	91383	92112
3	27	91874	92469
3	13	92346	92585
3	27	92710	92823
3	2	93886	94021
3	2	94482	94622
3	2	96444	96689
4	19	21599	21713
4	39	21601	21713
4	7	21601	21720
4	11	21717	21720
4	36	21717	21720
4	18	21720	21830
4	37	21834	21949
4	25	21834	21949
4	19	21834	22176
4	29	21949	22176
4	17	21949	22288
4	37	22178	22288
4	38	22176	22407
4	36	22288	22407
4	26	22407	22411
4	19	22407	22528
4	29	22411	22528
4	36	22527	22528
4	37	22411	22642
4	7	22528	22642
4	10	22407	22762
4	17	22642	22762
4	35	22528	23001
4	1	22879	23001
4	7	23001	23124
4	25	22528	23237
4	41	22885	23237
4	36	23124	23237
4	26	23124	23237
4	16	23127	23239
4	5	23127	23358
4	11	22880	23467
4	30	23358	23467
4	38	23124	23584
4	10	23358	23586
4	41	23467	23586
4	39	23586	23701
4	34	23467	23705
4	37	23701	23705
4	16	23701	23705
4	11	23701	23828
4	30	23701	23828
4	8	23586	23949
4	39	23945	23949
4	21	23828	23954
4	19	23945	23954
4	37	23949	24064
4	38	23945	24185
4	25	23945	24189
4	30	23954	24189
4	22	23828	24304
4	16	23949	24421
4	27	24189	24421
4	39	24304	24421
4	8	24304	24421
4	28	24304	24530
4	11	24304	24530
4	17	24066	24643
4	10	24530	24643
4	3	24530	24643
4	25	24530	24876
4	30	24876	24993
4	26	24876	25117
4	32	24530	25233
4	36	24759	25237
4	10	24993	25237
4	3	25117	25355
4	28	25237	25355
4	25	25237	25478
4	38	24643	25717
4	40	25233	25721
4	11	25478	25838
4	32	25478	25850
4	39	25726	25850
4	27	25838	25978
4	40	25844	25978
4	10	25978	25983
4	38	25983	26109
4	28	25978	26112
4	27	26109	26237
4	22	25478	26241
4	25	25838	26241
4	40	26237	26241
4	28	26350	26471
4	32	25987	26586
4	11	26350	26586
4	38	26241	26718
4	40	26586	26718
4	10	26718	27078
4	35	25117	27085
4	40	27194	27316
4	16	89084	89091
4	22	89084	89091
4	22	89440	89555
4	27	89084	89804
4	28	89091	89804
4	1	89555	89804
4	39	89678	89804
4	15	89925	90146
4	40	89925	90269
4	17	90269	90385
4	5	90146	90388
4	1	90385	90390
4	28	90385	90390
4	15	90388	90620
4	17	90511	90620
4	39	90146	90746
4	13	90511	90746
4	32	89209	90858
4	8	90620	90858
4	3	90511	90972
4	5	90620	90975
4	9	90858	90975
4	7	90972	90975
4	15	90975	91100
4	24	91097	91100
4	39	90978	91216
4	32	91100	91216
4	5	91213	91216
4	15	91341	91460
4	35	91097	91584
4	13	91213	91696
4	5	91460	91939
4	6	91935	91939
4	38	91219	92058
4	8	91460	92183
4	39	91935	92183
4	15	91939	92183
4	13	92058	92300
4	32	91935	92305
4	34	92300	92305
4	3	92300	92305
4	27	92300	92305
4	6	92300	92305
4	19	93374	93494
4	27	93374	94083
4	22	93851	94083
4	14	93732	94444
4	11	93374	94566
4	27	94318	94566
4	22	94689	94931
4	15	93966	95617
4	22	95275	95617
4	29	95851	96094
4	10	95851	97434
4	19	97179	97441
4	10	97455	97700
4	19	98457	98571
4	29	96451	98690
4	1	98810	98815
4	8	98952	98959
4	40	99070	99324
4	36	99441	99567
4	8	99560	99567
4	10	99197	99683
4	14	99792	99904
4	32	99792	100253
5	35	21627	21736
5	37	21627	21736
5	10	21627	21736
5	41	21736	21737
5	25	21158	21854
5	40	21737	21854
5	29	21854	21856
5	22	21856	21857
5	41	21856	21859
5	19	21737	21976
5	7	21856	21976
5	29	21976	22090
5	39	21976	22090
5	1	21976	22090
5	36	22090	22204
5	4	21857	22550
5	20	22204	22550
5	25	22204	22550
5	22	22316	22550
5	41	22204	22667
5	14	22664	22667
5	30	22664	22788
5	8	22788	23016
5	34	22788	23016
5	1	22788	23022
5	4	22899	23022
5	19	23016	23022
5	39	22899	23138
5	35	23138	23381
5	22	23375	23505
5	26	23016	23507
5	34	23252	23507
5	3	23505	23507
5	25	23138	23736
5	19	23381	23736
5	41	23252	23846
5	35	23616	23846
5	10	23616	23961
5	40	23616	23961
5	9	23736	23963
5	27	23961	23963
5	38	23507	23966
5	39	23736	23966
5	30	23961	23966
5	25	23963	24084
5	8	23966	24194
5	36	24078	24194
5	37	24081	24194
5	22	24081	24194
5	35	23966	24199
5	40	24078	24199
5	27	24081	24314
5	39	24194	24314
5	7	24784	25027
5	8	71814	71949
5	33	72566	72699
5	37	72440	72826
5	20	72440	73067
5	33	72939	73067
5	15	73532	73775
5	24	73532	73775
5	40	73532	73896
5	9	73532	73909
5	17	73775	73909
5	27	73902	74264
5	40	74033	74264
5	24	74374	74492
5	6	74152	74613
5	13	73896	74735
5	1	73909	74735
5	17	74374	74735
5	6	74872	74879
5	1	74879	75003
5	17	74879	75006
5	29	75003	75006
5	9	75247	75487
5	24	75484	75487
5	7	75596	75826
5	1	75596	75942
5	33	75362	76186
5	19	75949	76186
5	9	76186	76307
5	17	76186	76428
5	6	76067	76554
5	19	76551	76796
5	33	76796	76799
5	1	76307	77044
5	6	76917	77162
5	36	76796	77275
5	19	77044	77275
5	40	77275	77392
5	30	79200	79650
5	34	80815	81056
5	23	81404	81529
5	37	81789	82029
5	33	81789	82144
5	34	81908	82269
5	15	82990	83459
5	1	84416	84776
5	36	84166	84904
5	30	83117	85753
5	36	85277	85753
5	1	85029	85985
5	30	86108	86235
5	1	86351	86468
5	36	86108	86594
5	2	88427	88554
5	9	88420	88557
5	25	88549	88557
5	24	88554	88557
5	23	88557	88566
5	34	88554	88574
5	36	88571	88579
5	25	88574	88698
5	15	89064	89185
5	9	89185	89306
5	25	89185	89425
5	30	89425	89430
5	29	89421	89443
5	38	89430	89808
5	39	89681	89808
5	4	89808	89813
5	8	89808	89923
5	30	89567	90147
5	9	89681	90147
5	3	89813	90147
5	7	89064	90398
5	1	90271	90398
5	32	89813	90514
5	19	90034	90641
5	39	90034	90641
5	38	90271	90646
5	9	90766	90997
5	22	91231	91354
5	30	90514	91475
5	38	90885	91475
5	29	91231	91593
5	8	91475	91593
5	2	91593	91706
5	4	90398	91824
5	7	91354	91939
6	40	72722	72847
6	17	72974	73101
6	40	73233	73240
6	24	73240	73479
6	17	73351	73479
6	15	73240	73600
6	5	73479	73600
6	23	73351	73731
6	40	73479	73731
6	17	73731	74107
6	9	74347	74457
6	13	73981	74567
6	29	74800	74910
6	40	74347	75139
6	13	75139	75255
6	17	74567	75389
6	37	75260	75389
6	19	75268	75389
6	5	75268	75516
6	33	75516	75641
6	40	75389	75750
6	27	75516	75755
6	28	75753	75874
6	13	75753	75877
6	15	75516	75882
6	29	75755	75882
6	1	75888	76008
6	40	75874	76244
6	5	75874	76244
6	17	76121	76244
6	33	76008	76355
6	9	76008	76355
6	13	76121	76467
6	1	76467	76583
6	13	76949	76960
6	19	76949	77084
6	15	76960	77084
6	1	77203	77547
6	33	77425	77663
6	17	77543	77663
6	19	77543	77785
6	1	77908	77915
6	9	77915	77920
6	40	77203	78038
6	15	77915	78038
6	19	77920	78038
6	33	77910	78292
6	37	78166	78292
6	16	78288	78292
6	1	78166	78406
6	36	78288	78406
6	8	78521	78646
6	3	78646	78755
6	1	78646	78868
6	19	78643	78985
6	33	78755	79222
6	15	79104	79462
6	1	79462	79583
6	8	79583	79706
6	9	79831	80073
6	40	79222	80323
6	19	79831	80444
6	17	80444	80557
6	16	80674	80913
6	19	80798	81041
6	40	81048	81417
6	19	81292	81417
6	29	81417	81420
6	26	81420	81543
6	36	81417	81659
6	24	81543	81768
6	14	81543	81768
6	27	82125	82354
6	15	82239	82354
6	39	81879	82706
6	9	82706	83393
6	14	84675	84682
6	24	84448	84940
6	9	85672	85799
6	14	85672	86034
6	25	84334	86149
6	7	84933	86506
6	24	85307	86976
6	14	86506	86976
6	38	87208	87694
6	35	87444	87694
6	32	87559	87694
6	32	88054	88309
6	16	87559	88436
6	35	88061	88436
6	38	88777	88904
6	15	89027	89034
6	22	89152	89266
6	14	89152	89389
6	34	89034	89632
6	7	88904	89875
6	3	89996	90108
6	39	89996	90229
6	24	89749	90234
6	7	90358	90475
6	19	89516	90486
6	38	90229	90486
6	32	90475	90486
6	8	90475	90486
6	4	90605	90852
6	24	90479	91091
6	4	91215	91464
6	4	91705	91840
6	38	90852	91987
6	2	91987	91994
6	39	91980	92113
6	4	91987	92229
6	27	92113	92229
6	40	92229	92352
6	4	92962	92983
6	1	93348	93355
6	14	93221	93465
6	7	93813	93936
6	33	93813	94308
6	7	94185	94550
6	7	94788	94898
6	33	94676	96102
6	7	95261	96569
6	15	98027	98266
6	33	96446	99120
6	15	99120	99242
6	4	99242	99249
6	33	99365	99480
6	7	97172	99717
6	15	99717	100064
6	35	99951	100189
6	8	99717	100308
6	28	99831	100308
6	11	99831	100423
6	32	99951	100423
7	18	21459	21813
7	4	21695	21813
7	29	21120	21938
7	19	21568	21938
7	37	21810	21938
7	41	21810	21938
7	8	21813	21941
7	38	21938	21941
7	40	21938	21941
7	24	21810	21943
7	14	21941	22062
7	20	21943	22174
7	11	22060	22174
7	8	22062	22174
7	4	22060	22288
7	39	22288	22400
7	35	21943	22510
7	10	22288	22510
7	37	22400	22634
7	36	22400	22634
7	29	22400	22751
7	34	22174	22872
7	41	22634	22872
7	36	22872	23100
7	26	22872	23100
7	19	22748	23102
7	4	22751	23102
7	30	23100	23218
7	16	23102	23332
7	21	23102	23332
7	37	23218	23455
7	10	23455	23583
7	41	23218	23588
7	40	23455	23588
7	25	23459	23588
7	26	23583	23588
7	39	23583	23588
7	23	23817	23927
7	37	24042	24043
7	16	24042	24043
7	27	24042	24043
7	41	24043	24163
7	34	24156	24163
7	19	24289	24406
7	12	24748	24755
7	5	24865	24991
7	21	25475	26210
7	21	26555	26801
7	21	27286	27532
7	21	27993	29077
7	21	29210	29345
7	21	29602	29855
7	21	30200	30699
7	18	32396	33984
7	18	34220	34836
7	18	35203	36069
7	18	36439	41689
7	18	41826	42442
7	18	42571	42948
7	18	43286	43293
7	18	43556	44895
7	18	45267	45634
7	18	46000	51905
7	18	52042	53851
7	18	54091	67523
7	18	67871	68860
7	18	69360	69739
7	40	70497	70619
7	29	70985	71777
7	16	73146	73153
7	27	73274	73497
7	13	73497	74103
7	40	73982	74110
7	36	73865	74582
7	10	73739	75342
7	19	75342	75464
7	38	75464	75585
7	13	75471	75585
7	36	75464	75700
7	10	75585	75822
7	15	76889	77012
7	15	77504	77745
7	15	78106	78221
7	39	78349	78475
7	15	79437	79551
7	1	79551	79666
7	39	78732	81405
7	23	82619	82734
7	24	82859	83111
7	13	82984	83346
7	14	82859	83461
7	24	83468	83818
7	14	83707	83930
7	9	83580	84288
7	24	84171	84398
7	19	84049	84642
7	22	84171	84642
7	13	83580	84756
7	23	84878	84885
7	24	85006	85748
7	6	85117	85869
7	24	86216	86339
7	9	85373	86464
7	6	86216	86578
7	24	86578	86828
7	19	87061	87187
7	25	85117	87541
7	13	87668	87909
7	19	87916	88289
7	13	88042	88401
7	6	88528	88774
7	33	88779	88891
7	9	88652	88898
7	10	88774	89024
7	38	89024	89029
7	29	87187	89034
7	1	88891	89034
7	26	89031	89037
7	34	89031	89048
7	33	89042	89048
7	24	89037	89167
7	5	89042	89283
7	38	89042	89399
7	16	89283	89399
7	19	89404	89407
7	40	89404	89407
7	15	89399	89528
7	29	89404	89764
7	33	89764	89775
7	19	89764	89913
7	24	89768	89913
7	39	90027	90154
7	3	90154	90160
7	35	90154	90270
7	5	89528	90494
7	38	90270	90494
7	1	90381	90494
7	19	90160	90618
7	32	90494	90618
7	4	90748	90990
7	38	90864	90990
7	22	89913	91113
7	29	90027	91355
7	24	91113	91361
7	5	90864	91702
7	22	91361	91949
7	29	91592	91949
7	9	91702	91949
7	35	92421	92659
7	38	92421	93250
7	38	93501	93610
7	19	92421	93736
7	6	93848	94215
7	6	94351	94719
7	33	94719	95317
7	6	95070	95566
7	33	96521	96642
7	6	95924	97112
7	33	97708	98072
7	15	97953	98079
7	6	97582	98881
7	33	98313	98881
7	15	98429	99122
7	33	99358	99482
7	6	99122	99715
7	27	99715	100086
7	34	99960	100086
7	32	99960	100311
8	24	21483	21705
8	5	21595	21705
8	37	21483	21829
8	9	21483	21943
8	41	21705	21945
8	24	21945	22066
8	34	21945	22066
8	22	21945	22177
8	17	21943	22294
8	25	22066	22297
8	1	22177	22297
8	26	22294	22413
8	41	22297	22413
8	36	22297	22413
8	40	22527	22650
8	4	22527	22650
8	37	22527	22650
8	38	22653	22654
8	30	22653	22654
8	9	22653	22654
8	24	22656	22765
8	4	22656	22765
8	25	22656	22885
8	34	22656	22885
8	14	22765	22885
8	7	22765	22885
8	40	22765	22995
8	41	22995	23110
8	36	22995	23113
8	35	23110	23115
8	16	22654	23232
8	34	23227	23232
8	39	22765	23235
8	5	23232	23345
8	22	23235	23345
8	37	23235	23345
8	35	23235	23348
8	41	23235	23348
8	10	23348	23463
8	17	23345	23575
8	38	23348	23575
8	11	23348	23575
8	26	23463	23575
8	4	23113	23693
8	22	23575	23693
8	25	23575	23803
8	39	23693	23803
8	34	23690	23922
8	9	23693	23922
8	35	23803	23922
8	10	23803	23922
8	26	23803	23924
8	36	23922	23924
8	17	23803	23926
8	16	23924	23926
8	38	23924	24042
8	4	23924	24046
8	21	23926	24046
8	25	23926	24046
8	18	24042	24160
8	27	24046	24160
8	37	23924	24280
8	22	23926	24280
8	5	24046	24280
8	16	24160	24280
8	38	26798	27148
8	1	27031	27148
8	41	26798	27272
8	34	27031	27272
8	39	27031	28015
8	39	28532	29974
8	39	30233	30960
8	39	31201	31449
8	39	31933	32306
8	39	32905	33164
8	39	33524	33883
8	39	34130	36556
8	39	36811	37056
8	5	71838	72079
8	40	73165	73277
8	40	73512	73887
8	6	74862	74975
8	1	74975	75092
8	26	73046	75208
8	40	74505	75694
8	19	75333	75694
8	1	75333	75817
8	26	75573	75817
8	40	76066	76435
8	13	75694	76549
8	40	76786	77025
8	1	77153	77404
8	13	77025	77534
8	26	76184	77993
8	40	77529	78239
8	19	78120	78239
8	13	78468	78592
8	19	78592	78710
8	6	78710	78820
8	15	78710	78820
8	40	78592	78932
8	26	78820	79042
8	6	79507	79629
8	19	79629	79866
8	1	79866	79984
8	40	79267	80335
8	19	80796	80921
8	40	80789	81054
8	26	80921	81300
8	19	81181	81300
8	27	82029	82270
8	15	82270	82509
8	39	82263	82620
8	2	82509	82620
8	6	82620	82732
8	32	82851	83673
8	10	83558	83673
8	35	82851	83687
8	38	83200	83687
8	27	85503	85989
8	27	86470	86725
8	34	86594	86725
8	9	88219	88352
8	36	88226	88352
8	30	88468	88718
8	40	88718	88960
8	17	88584	89075
8	36	88718	89208
8	9	89201	89208
8	30	89201	89214
8	7	89458	89469
8	5	89463	89469
8	24	89469	89690
8	33	89690	89803
8	4	89803	89927
8	40	89344	90054
8	15	88839	90170
8	39	89690	90296
8	4	90170	90296
8	19	90296	90423
8	35	90419	90423
8	1	90050	90537
8	5	90419	90537
8	6	90423	90537
8	39	90537	90660
8	24	90423	90772
8	15	90541	91006
8	4	90882	91245
8	39	91006	91249
8	5	91245	91249
8	15	91249	91480
8	3	91249	91480
8	32	89803	91598
8	38	91713	91836
8	4	91480	91962
8	13	91006	92194
8	15	92194	92678
8	13	92543	92678
8	36	92678	92787
8	34	93025	93153
8	9	94247	94375
8	17	94008	94863
8	9	94863	94990
8	17	95230	95698
8	37	93392	96289
8	37	96885	97256
8	37	97943	98411
8	27	99613	99620
8	11	99613	99620
8	4	99875	99896
8	15	99882	100148
8	27	99889	100148
8	28	99896	100266
8	6	99746	100397
8	32	99896	100397
9	24	20946	21712
9	14	21071	21825
9	22	21593	21825
9	34	22071	22187
9	20	22071	22187
9	25	21825	22191
9	40	21825	22191
9	7	21957	22191
9	37	21195	22300
9	24	22191	22300
9	30	22187	22421
9	18	22300	22542
9	19	22421	22547
9	39	22542	22547
9	14	22421	22550
9	7	22542	22550
9	26	22542	22550
9	24	22547	22662
9	8	22547	22662
9	36	22550	22773
9	37	22662	22887
9	38	22662	22887
9	41	22547	22996
9	35	22996	22999
9	26	22999	23114
9	19	22999	23114
9	8	22999	23116
9	4	23114	23116
9	34	22996	23118
9	7	23114	23118
9	1	22773	23120
9	22	23116	23120
9	30	23116	23122
9	41	23118	23243
9	39	23120	23243
9	4	23122	23355
9	26	23239	23355
9	5	23239	23581
9	37	23243	23581
9	38	23120	23815
9	25	23243	23815
9	35	23691	23815
9	17	23469	23929
9	36	23815	23929
9	39	23929	23931
9	41	23581	24052
9	3	23815	24052
9	22	23929	24052
9	37	23931	24052
9	34	23469	24163
9	12	24887	28121
9	12	28489	33590
9	12	34448	34940
9	12	35420	36645
9	13	48770	53355
9	13	53603	53967
9	13	54323	57886
9	13	58246	58708
9	13	59044	59275
9	13	59608	60801
9	13	61155	61903
9	13	62032	64654
9	13	65008	67518
9	13	67752	70425
9	13	72415	72978
9	5	73600	73607
9	1	73607	73732
9	5	73967	74212
9	6	73967	74219
9	13	73732	74353
9	15	74473	74705
9	35	74817	75059
9	17	74933	75185
9	30	74705	75302
9	10	75302	75423
9	3	75302	75430
9	27	75430	75561
9	30	75902	76143
9	19	76020	76143
9	5	76020	76388
9	17	76402	76409
9	6	76395	76534
9	5	76409	76534
9	15	76534	77020
9	30	76905	77142
9	5	76905	77268
9	19	78332	78457
9	15	78706	78824
9	40	78699	78951
9	33	79541	79676
9	15	81785	81899
9	2	81785	82025
9	36	81899	82025
9	17	81903	82025
9	2	82489	82731
9	20	83073	83185
9	20	83443	83450
9	34	83443	83450
9	6	82844	83577
9	7	83696	84182
9	24	83696	84425
9	22	84309	84425
9	19	84057	84666
9	6	85486	85954
9	24	85369	86076
9	25	85369	86571
9	7	85369	86571
9	24	86315	86694
9	6	86437	86694
9	23	87776	88026
9	2	88618	88866
9	20	88618	88866
9	7	88739	88866
9	24	89107	89121
9	25	89240	89599
9	5	88866	90211
9	30	89107	90218
9	39	90211	90347
9	30	90475	90601
9	38	90475	90615
9	32	90601	90615
9	8	90622	90629
9	30	90622	90864
9	4	90629	90864
9	37	90748	90987
9	5	90864	90987
9	30	91235	91597
9	5	91356	91618
9	30	91618	91742
9	37	91618	91742
9	13	91742	91856
9	3	91856	91867
9	39	91867	92201
9	22	91977	92201
9	4	92088	92325
9	13	92448	92571
9	2	92820	92948
9	29	91977	93188
9	34	93410	93657
9	2	93773	93780
9	22	93773	93780
9	37	94244	94614
9	17	94725	94835
9	8	94958	95318
9	2	95923	95930
9	3	95923	95930
10	35	21420	21649
10	1	21529	21649
10	37	21413	21874
10	41	21759	21874
10	24	21413	21879
10	4	21759	21879
10	40	21874	21879
10	39	21874	21879
10	38	21649	22004
10	25	21759	22004
10	11	21879	22116
10	35	22004	22118
10	41	22116	22118
10	29	22116	22118
10	20	22004	22120
10	7	22004	22230
10	24	22120	22230
10	14	21759	22460
10	8	22120	22460
10	4	22120	22460
10	19	22230	22575
10	40	22348	22575
10	16	22348	22575
10	39	22348	22687
10	9	22577	22687
10	35	22687	22806
10	37	22687	22807
10	19	22806	22807
10	25	22806	22807
10	33	22806	22809
10	7	22577	22925
10	8	22807	22925
10	36	22809	22927
10	41	22927	23041
10	38	22927	23041
10	30	22927	23161
10	35	23041	23278
10	22	23161	23280
10	19	23161	23280
10	21	23278	23280
10	37	23278	23280
10	34	23161	23281
10	36	23281	23397
10	17	23281	23398
10	41	23281	23398
10	40	23398	23400
10	37	23398	23400
10	35	23397	23510
10	21	23400	23510
10	7	23398	23513
10	22	23400	23513
10	39	23510	23858
10	34	23632	23858
10	37	23632	23858
10	28	23858	23860
10	38	23860	23975
10	30	23860	23982
10	35	23860	23982
10	25	23975	23982
10	27	24105	24225
10	16	23975	24228
10	37	24105	24228
10	8	24222	24228
10	39	24228	24342
10	32	24338	24342
10	26	24338	24342
10	28	24342	24463
10	17	24461	24463
10	25	24342	24578
10	37	24461	24578
10	30	24463	24578
10	22	24228	24695
10	39	24578	24695
10	4	24228	24804
10	32	24578	24804
10	36	24695	24804
10	38	24695	25391
10	25	24917	25514
10	32	25267	25514
10	22	25391	25632
10	40	25755	25875
10	38	25632	25999
10	22	25994	25999
10	39	25994	26005
10	35	24804	26117
10	11	25875	26117
10	25	26117	26131
10	38	26131	26263
10	36	26259	26263
10	40	26117	26268
10	28	26263	26268
10	32	25994	26390
10	11	26259	26390
10	4	26518	27116
10	35	26259	27495
10	35	30900	33929
10	35	34284	35873
10	35	36104	36713
10	35	37091	37239
10	35	37737	37868
10	35	38977	39113
10	35	39473	40344
10	35	40600	41080
10	35	41317	41445
10	15	73444	73563
10	13	73684	74053
10	15	73928	74177
10	7	73563	74295
10	5	74053	74295
10	40	73684	74661
10	38	74547	74661
10	36	74177	75022
10	17	74781	75137
10	13	75022	75137
10	19	75265	75272
10	7	74547	75391
10	36	75272	75391
10	38	75391	75516
10	15	74420	75887
10	7	75996	76234
10	15	76582	76706
10	19	79161	79168
10	2	81558	81672
10	19	81672	81794
10	39	81787	82033
10	32	82894	85086
10	16	84584	85317
10	16	86953	87189
10	32	88296	88412
10	6	88903	88910
10	2	88903	89029
10	7	88910	89375
10	19	89141	89375
10	34	89029	89621
10	24	89375	89621
10	14	89852	89970
10	16	90566	90929
10	7	91771	91900
10	29	91771	92019
10	29	93718	94070
10	27	94776	94900
10	32	94776	94900
10	34	95257	95621
10	27	95502	95621
10	29	95862	95978
10	4	95744	96198
10	29	96315	96664
10	4	96539	97264
10	34	97985	97992
10	3	98268	98392
10	11	98645	98769
10	8	99270	99503
10	36	99384	99750
10	15	99750	99764
10	6	99750	99888
10	35	99024	99895
11	4	21561	21683
11	19	21676	21813
11	35	21808	21934
11	22	21813	21934
11	41	21813	21934
11	29	21817	21934
11	40	21936	22048
11	19	21936	22048
11	24	21936	22162
11	25	21936	22162
11	8	21817	22274
11	4	22162	22508
11	1	22162	22508
11	40	22384	22622
11	25	22508	22622
11	24	22508	22627
11	41	22162	22859
11	35	22162	22859
11	22	22859	22981
11	40	22859	22981
11	26	22976	22981
11	1	22976	23097
11	19	23097	23211
11	41	23097	23211
11	35	23211	23334
11	21	23097	23339
11	22	23334	23463
11	34	23097	23467
11	39	23463	23467
11	4	22748	23576
11	19	23463	23576
11	16	23463	23576
11	8	23467	23576
11	37	23696	23806
11	22	23696	23806
11	3	22859	23921
11	30	23576	23921
11	35	23467	23926
11	10	23806	23926
11	41	23806	23926
11	9	23921	23926
11	28	23926	24040
11	16	23924	24155
11	38	24042	24155
11	17	24042	24155
11	3	24155	24382
11	37	24270	24382
11	30	24038	24497
11	10	24270	24497
11	35	24270	24497
11	27	24500	24610
11	39	24500	24610
11	38	24500	24734
11	32	24500	24734
11	30	24734	24739
11	4	24610	24855
11	22	24610	25093
11	38	24973	25093
11	35	24729	25210
11	18	25093	25210
11	10	24729	25216
11	32	25214	25216
11	25	25214	25332
11	22	25216	25332
11	28	24497	25455
11	35	25332	25455
11	39	25214	25460
11	4	25332	25460
11	27	25332	25460
11	36	25455	25570
11	38	25216	25692
11	32	25460	26042
11	10	25692	26042
11	25	25570	26161
11	27	26042	26161
11	22	26157	26161
11	28	25573	26284
11	40	25460	26401
11	36	26042	26401
11	4	26157	26401
11	35	25918	26529
11	32	26284	26529
11	32	26773	26892
11	32	27240	27827
11	28	27014	27943
11	28	28430	29087
11	28	30409	30529
11	28	30788	31515
11	32	28962	31756
11	28	31756	32366
11	32	32244	32861
11	28	32726	32861
11	28	33223	33344
11	28	33587	34072
11	32	33095	35046
11	28	34809	35046
11	28	35545	37245
11	32	35300	37491
11	28	38086	38793
11	32	38086	39292
11	32	39683	40312
11	32	40805	41675
11	32	42051	42916
11	32	43641	44987
11	32	45243	45712
11	32	46566	47513
11	37	83409	83531
11	25	83648	83880
11	33	83880	84002
11	37	84116	84245
11	33	84245	84599
11	30	87152	87283
11	30	87761	88134
11	14	87530	88380
11	33	90610	91347
11	33	91695	91819
11	16	92058	92414
11	1	92414	92778
11	19	93010	93120
11	15	93955	93969
11	4	93243	94214
11	14	93729	94343
11	9	94221	94462
11	27	93243	94583
11	22	93841	94583
11	15	94208	94583
11	4	94462	94583
11	10	98982	99107
11	35	98982	99107
11	28	99591	99826
11	15	99707	99952
11	6	99952	100303
11	32	99952	100435
12	9	25485	25741
12	9	26187	26939
12	9	27277	33130
12	9	34359	34623
12	9	35346	36933
12	22	71212	71226
13	9	48445	50959
13	9	51434	51678
13	9	51925	52397
13	9	52648	53011
13	9	53378	54830
13	9	55071	55326
13	9	55683	57087
13	9	57443	57678
13	9	58042	59995
13	9	60357	62910
13	9	63275	63391
13	9	63520	63869
13	9	64209	67555
13	9	67782	68370
13	9	68626	70589
13	9	72221	72335
13	5	73506	73630
13	17	73506	73634
13	6	73634	73637
13	10	73634	73637
13	1	73506	73746
13	35	73750	73752
13	40	73871	73874
13	23	73746	73876
13	10	73874	73876
13	24	73752	73878
13	27	73874	73878
13	5	73874	73878
13	7	73876	73878
13	35	73876	73998
13	9	73876	73998
13	17	73874	74111
13	1	74111	74115
13	40	74111	74236
13	8	74115	74236
13	6	74236	74347
13	17	74347	74575
13	1	74459	74578
13	5	74575	74578
13	6	74582	74820
13	26	74347	74822
13	15	74582	74822
13	29	74699	74822
13	40	74578	74949
13	17	74822	75068
13	6	74949	75180
13	5	75068	75290
13	19	74949	75530
13	40	75290	75530
13	20	75408	75652
13	29	75530	75652
13	26	75652	75779
13	1	75530	75786
13	8	75652	75786
13	15	75775	75790
13	23	75786	75790
13	29	75786	76038
13	6	75786	76152
13	40	76033	76152
13	19	75908	76267
13	40	76393	76502
13	29	76615	76848
13	26	76732	76848
13	37	76848	76850
13	38	76848	76968
13	19	76615	77087
13	40	76968	77087
13	26	77208	77329
13	40	77577	77819
13	1	77452	77824
13	8	77819	78059
13	29	77701	78065
13	39	78059	78178
13	19	78295	78534
13	6	78419	78534
13	40	78534	78538
13	26	78419	78663
13	19	78788	78913
13	8	78663	78917
13	40	78788	78917
13	3	80425	80764
13	35	81367	81590
13	24	82179	82304
13	35	82304	82430
13	19	82172	82804
13	24	82683	82804
13	24	83169	83646
13	7	83412	83653
13	14	83412	83892
13	24	84115	84234
13	22	84115	84234
13	7	84356	84473
13	19	84356	84827
13	22	84705	84941
13	19	86763	87493
13	22	87129	87605
13	29	87372	87853
13	7	87372	87853
13	7	88101	88227
13	29	88108	88227
13	19	87853	88474
13	39	90343	90584
13	4	90343	90591
13	27	90458	90597
13	32	90597	90604
13	28	90604	90847
13	17	90343	90959
13	3	90842	91070
13	4	90728	91307
13	8	90597	91430
13	32	90847	91430
13	15	91070	91430
13	1	91307	91430
13	27	90959	91551
13	34	91551	91554
13	3	91435	91677
13	15	91554	91683
13	7	91677	91683
13	4	91683	91797
13	38	90959	91799
13	2	91551	91799
13	39	91683	92030
13	28	91799	92140
13	27	91797	92264
13	3	91799	92264
13	2	92140	92264
13	8	92264	92387
13	9	92030	92510
13	32	91554	92741
13	2	92628	92859
13	16	99204	99553
14	24	20944	21673
14	22	21559	21673
14	1	21785	21895
14	9	21197	22019
14	10	21559	22019
14	37	20826	22133
14	35	21673	22133
14	41	21895	22133
14	24	22134	22366
14	18	22255	22366
14	8	22134	22483
14	39	22366	22483
14	37	22366	22486
14	40	22019	22602
14	29	22486	22716
14	19	22483	22839
14	24	22716	22842
14	33	22716	22966
14	25	22839	22968
14	30	22842	22968
14	26	22842	22968
14	10	22966	22968
14	24	23077	25839
14	15	75332	75567
14	15	76038	76278
14	5	77014	77262
14	30	77255	77262
14	15	77141	77375
14	24	81629	81889
14	40	82008	82129
14	28	82008	82244
14	22	81889	82247
14	24	82244	82247
14	32	82244	82247
14	2	82244	82250
14	35	82377	82612
14	13	82493	82612
14	19	82493	82727
14	25	82973	83084
14	19	82973	83437
14	7	82973	84022
14	13	83554	84137
14	22	84144	84383
14	13	84272	84383
14	24	82846	84762
14	25	84383	85244
14	25	85730	86094
14	9	86327	86453
14	7	86453	86686
14	6	85730	87058
14	24	85244	87308
14	7	87058	87308
14	29	87175	87308
14	25	86453	87436
14	11	87918	88040
14	11	88415	88543
14	19	88690	88816
14	32	88690	89048
14	4	89048	89182
14	23	89665	89678
14	19	89182	89684
14	26	89539	89684
14	34	89665	89684
14	32	89671	89684
14	24	89665	89808
14	22	89182	89922
14	16	89048	90056
14	35	89684	90166
14	23	90277	90390
14	19	90166	90637
14	6	90514	91009
14	34	90760	91137
14	24	90760	91377
14	2	91377	91723
14	34	91489	91962
14	39	91599	91962
14	4	91962	91969
14	32	93263	93277
14	11	93859	93866
14	4	93859	94116
14	15	93992	94245
14	11	93999	94245
14	22	93859	94364
14	4	94364	94485
14	34	95818	95947
14	2	95940	95947
14	27	99609	99728
14	23	99854	99980
14	36	99854	100205
15	39	37304	38270
15	39	38525	44082
15	39	44457	44800
15	39	45048	50734
15	39	51449	56971
15	39	57320	72412
15	1	72799	72806
15	17	72931	73166
15	35	73040	73424
15	24	73418	73424
15	17	73424	73664
15	22	73664	73667
15	13	73664	73899
15	36	73667	73899
15	9	73788	73899
15	40	73166	74011
15	10	73551	74127
15	17	73899	74255
15	5	74011	74255
15	7	74011	74493
15	10	74372	74497
15	40	74493	74497
15	13	74129	74500
15	35	74372	74502
15	36	74500	74621
15	33	74502	74621
15	5	74621	74733
15	6	74500	74843
15	13	74843	74966
15	38	74961	74966
15	27	74961	74966
15	30	75204	75327
15	19	75204	75327
15	36	75204	75331
15	17	74843	75334
15	6	75327	75334
15	5	75082	75339
15	10	75082	75467
15	13	75339	75467
15	17	75461	75467
15	40	75082	75589
15	19	75461	75589
15	38	75467	75589
15	14	75595	75709
15	7	75589	75824
15	33	75589	75824
15	6	75595	75824
15	36	75467	75946
15	10	75709	75950
15	38	75824	75950
15	23	75950	76059
15	19	75946	76172
15	14	75950	76172
15	1	76172	76405
15	35	76289	76405
15	36	76289	76408
15	33	76289	76526
15	17	76766	76887
15	40	75946	77010
15	7	76766	77135
15	1	77010	77135
15	33	77135	77259
15	14	77259	77377
15	5	77259	77377
15	36	76887	77381
15	22	77377	77499
15	40	77381	77499
15	38	77499	77503
15	1	77499	77621
15	17	77617	77734
15	33	77621	77851
15	19	77734	77851
15	9	77851	77975
15	40	77734	78090
15	36	77851	78095
15	38	77975	78095
15	33	78095	78217
15	7	77975	78467
15	36	78342	78593
15	19	78217	78929
15	38	78709	78929
15	13	78818	78932
15	17	78929	79051
15	36	78929	79165
15	19	79165	79282
15	39	79165	79282
15	36	79400	79622
15	29	79510	79622
15	33	79510	79622
15	3	81138	81367
15	9	81730	81744
15	2	81730	81744
15	17	81730	81744
15	14	81871	81990
15	36	82111	82229
15	1	82111	82229
15	32	82226	82229
15	39	82226	82475
15	6	82354	82475
15	8	82354	82475
15	27	82354	82475
15	9	82594	82709
15	14	82594	82716
15	24	82594	82716
15	19	82594	82716
15	30	82955	83646
15	5	83536	83646
15	22	83768	84004
15	26	83890	84614
15	20	84254	84614
15	25	84365	84614
15	26	84869	85226
15	3	84996	85226
15	25	85117	85226
15	23	85826	86435
15	19	86556	86789
15	37	87900	88026
15	17	87900	88026
15	40	88022	88026
15	24	88138	88145
15	34	87418	88274
15	40	88402	88534
15	33	88528	88534
15	20	88534	88547
15	25	88541	88554
15	37	88554	88789
15	17	88528	88905
15	36	88789	89037
15	7	89158	89279
15	20	89158	89279
15	8	89279	89394
15	40	88905	89531
15	36	89394	89531
15	39	89658	89772
15	8	89531	89783
15	27	89783	90004
15	4	89658	90117
15	8	90241	90364
15	28	90241	90370
15	17	89279	90486
15	39	90241	90486
15	38	90370	90486
15	13	90486	90738
15	5	90735	90859
15	8	90978	91200
15	4	90612	91324
15	39	90978	91324
15	8	91563	91686
15	39	91799	92032
15	2	91917	92032
15	4	91686	92155
15	13	91568	92623
15	8	92281	92623
15	32	89777	92746
15	14	93966	94327
15	27	93966	94566
15	22	93966	94566
15	11	93966	94694
15	22	94938	95182
15	4	93966	95542
15	22	95542	95549
15	22	95905	96608
15	3	96840	96847
15	7	96966	97078
15	22	96966	97078
15	33	97568	97809
15	33	98377	98611
15	6	98035	98618
15	7	97449	98730
15	11	98611	98730
15	33	99211	99456
15	6	98978	99582
15	7	99456	99692
15	4	99939	100199
15	11	99807	100457
15	6	99932	100464
15	32	99932	100589
16	4	21570	21702
16	36	21450	21954
16	8	22418	22528
16	14	22418	22528
16	39	22418	22530
16	30	22418	22530
16	25	22528	22530
16	19	22530	22644
16	4	22528	22646
16	40	22644	22767
16	24	22646	22767
16	39	22767	22995
16	41	22646	22997
16	5	22995	22997
16	26	22997	23113
16	19	23113	23227
16	22	23113	23227
16	38	22997	23350
16	7	23350	23353
16	37	23113	23477
16	25	23350	23477
16	21	23353	23477
16	35	23353	23709
16	19	23477	23819
16	34	23480	23819
16	9	23589	23819
16	11	23709	23934
16	30	23477	23936
16	8	23589	23936
16	21	23819	23936
16	41	23350	24050
16	35	23938	24050
16	4	23938	24056
16	30	24053	24056
16	21	24053	24166
16	37	24053	24166
16	17	23938	24284
16	11	24050	24284
16	38	24169	24284
16	3	24056	24396
16	36	24056	24396
16	22	24396	24511
16	26	24284	24513
16	10	24396	24513
16	21	24396	24513
16	27	24511	24513
16	17	76770	76895
16	19	76895	77137
16	1	77510	77740
16	40	77979	78107
16	33	77510	78114
16	13	78233	78483
16	6	77979	78490
16	40	78483	78490
16	24	78483	78490
16	33	78483	78729
16	33	79195	79309
16	33	80223	80463
16	19	80463	80585
16	24	80337	81163
16	1	80940	81163
16	5	82869	82985
16	1	83226	83465
16	35	84400	84514
16	10	84629	84875
16	35	84764	85124
16	32	84278	85254
16	10	85254	85506
16	35	85506	85627
16	38	85379	85736
16	38	86222	86459
16	35	86336	86586
16	32	87178	87299
16	35	87066	87667
16	38	87178	87800
16	6	87178	87928
16	32	87681	88047
16	35	88047	88159
16	10	88047	88286
16	27	88778	88900
16	32	88771	89035
16	19	89161	89175
16	6	89540	89545
16	25	89540	89545
16	23	89540	89672
16	34	89540	89914
16	14	89189	90029
16	22	88900	90155
16	29	90155	90162
16	35	90029	90176
16	10	90169	90300
16	24	90176	90300
16	19	89308	90658
16	5	90541	90658
16	7	90658	90882
16	29	90548	91378
16	11	92091	92461
16	7	92810	93048
16	13	99379	99623
17	27	20821	21825
17	20	21941	22054
17	11	21941	22054
17	4	21941	22054
17	24	21945	22054
17	34	22054	22175
17	7	22175	22299
17	40	22296	22302
17	36	22296	22414
17	34	22302	22414
17	26	22302	22525
17	25	22414	22525
17	41	21941	22639
17	29	22414	22639
17	19	22639	22748
17	39	22751	22866
17	24	22751	22866
17	20	22751	22866
17	37	22525	22873
17	16	22751	22873
17	35	22299	22998
17	33	22748	22998
17	30	23001	23005
17	4	23001	23122
17	39	23005	23122
17	22	23001	23248
17	8	23005	23248
17	38	23248	23474
17	36	23360	23474
17	10	23360	23474
17	21	23586	23696
17	19	23360	23934
17	35	23586	23934
17	41	23586	23934
17	10	23820	23934
17	34	23001	23938
17	11	23696	24059
17	39	23938	24170
17	21	24059	24170
17	4	24059	24287
17	38	24170	24287
17	37	23938	24293
17	10	24287	24293
17	30	23586	24409
17	16	23586	24523
17	35	24409	24646
17	25	24409	24646
17	32	24409	24649
17	22	24523	24649
17	4	24523	24649
17	21	24523	24649
17	37	24646	24649
17	40	73357	73478
17	40	73969	74214
17	13	73734	74233
17	5	74221	74233
17	1	73609	74466
17	6	74473	74705
17	13	74473	74705
17	6	75059	75423
17	1	75302	75423
17	30	75302	75423
17	15	75185	75428
17	5	75302	75434
17	19	75434	76262
17	5	76392	76399
17	19	76659	76902
17	40	76659	76902
17	1	76781	76902
17	13	77487	77720
17	1	77845	78206
17	13	78696	78703
17	1	80397	80983
17	15	81782	81896
17	39	82262	82381
17	40	82722	82850
17	40	86202	86323
17	40	88378	88737
17	30	88625	88737
17	8	88858	89232
17	37	89109	89239
17	1	89226	89239
17	36	89109	89358
17	40	89358	89717
17	15	89486	89717
17	1	89844	90336
17	28	90217	90458
17	4	89844	90465
17	32	90090	90982
17	15	90329	91105
17	13	90719	91105
17	37	93429	93541
17	8	93429	93541
17	37	94139	94252
17	8	93898	94855
17	37	94734	95322
17	8	95315	95797
17	37	95559	95797
17	19	96051	96164
17	38	96164	96300
17	40	96419	96540
17	38	96668	97508
18	7	20733	21697
18	33	20868	21697
18	41	21462	21818
18	39	21818	21946
18	5	21946	21950
18	34	21946	21950
18	22	21939	22062
18	17	21946	22062
18	7	21946	22062
18	41	21950	22062
18	20	22062	22287
18	9	22287	22396
18	24	22287	22523
18	35	21818	22638
18	39	22523	22640
18	25	22640	22648
18	36	22640	22654
18	29	22287	22771
18	7	22640	22771
18	35	22654	22897
18	41	22396	23009
18	19	22648	23345
18	25	23009	23345
18	36	23123	23469
18	7	23123	23469
18	39	23345	23583
18	37	22771	23590
18	19	23590	23822
18	21	23235	23939
18	30	23583	23939
18	5	23590	23939
18	25	24062	24299
18	38	24062	24434
18	37	24062	24543
18	27	23939	24895
18	39	24773	24895
18	40	24888	24898
18	38	24895	25010
18	11	24898	25010
18	36	24895	25017
18	32	24773	25253
18	25	25143	25253
18	4	25143	25256
18	35	25253	25256
18	7	32400	34463
18	7	34713	35569
18	7	36060	42539
18	7	43165	43791
18	7	44025	45494
18	7	45873	51787
18	7	52148	61920
18	7	62169	70082
19	25	21582	21694
19	11	21694	21808
19	4	21582	21920
19	41	21808	21920
19	29	21578	22031
19	18	22031	22145
19	35	21808	22268
19	1	22147	22379
19	4	22145	22496
19	29	22268	22496
19	39	22379	22498
19	24	22147	22614
19	20	22268	22614
19	40	22498	22728
19	8	22379	22851
19	14	22728	22851
19	38	22728	22853
19	33	22728	22853
19	36	22851	22853
19	25	22498	22856
19	30	22853	22856
19	4	22855	22856
19	20	22855	22965
19	1	22965	23085
19	35	22965	23195
19	10	23085	23195
19	30	23195	23310
19	4	23310	23316
19	5	23195	23428
19	3	23314	23428
19	35	23316	23428
19	41	22855	23430
19	22	23310	23430
19	39	23430	23432
19	21	23430	23432
19	34	23430	23542
19	36	23432	23542
19	8	23432	23542
19	37	23432	23544
19	40	23542	23544
19	4	23544	23659
19	41	23544	23659
19	17	23542	23886
19	36	23771	23886
19	26	23771	23886
19	39	23771	23886
19	5	23771	23887
19	21	23886	23887
19	32	23997	24250
19	6	75189	75419
19	13	75189	75535
19	26	75535	75541
19	24	75419	75778
19	33	75541	76146
19	1	75659	76146
19	26	76143	76146
19	13	75778	76270
19	40	76270	76391
19	15	76146	76509
19	23	76146	76509
19	6	76388	76509
19	5	75659	76511
19	17	76511	76625
19	26	76511	76858
19	5	76741	76982
19	9	76858	77097
19	6	76982	77097
19	1	76982	77099
19	7	77099	77101
19	38	77101	77224
19	40	77099	77227
19	13	77220	77227
19	26	77224	77466
19	8	77466	77686
19	1	77350	77689
19	26	77689	77922
19	13	77808	77922
19	38	77808	78161
19	36	78037	78279
19	17	78037	78279
19	1	78161	78389
19	40	78279	78389
19	15	78161	78611
19	24	78389	78611
19	33	78279	78722
19	13	78501	78950
19	40	78953	79075
19	26	78953	79653
19	40	79539	79653
19	3	79655	79768
19	8	79768	79882
19	1	79997	80113
19	6	79768	80357
19	36	80238	80361
19	17	79882	80370
19	8	80370	80489
19	40	80489	80725
19	1	80361	80853
19	6	80850	80972
19	40	81320	81434
19	8	81323	81434
19	36	81665	82014
19	39	81904	82014
19	2	81323	82258
19	24	82258	82487
19	13	82487	82494
19	14	82487	82501
19	25	82487	82501
19	35	82494	82622
19	13	82733	82989
19	24	82982	82989
19	27	83112	83364
19	23	83594	83955
19	8	83955	83962
19	24	84080	84194
19	9	84080	84444
19	7	84080	84677
19	22	84560	85036
19	13	84560	85036
19	29	87019	87033
19	25	87026	87033
19	22	86893	87166
19	25	87166	87405
19	13	86893	87653
19	22	87405	87653
19	29	87653	88015
19	22	88015	88022
19	29	88036	88408
19	7	87282	88518
19	13	88022	88742
19	32	88629	88866
19	22	88742	88866
19	7	89238	89361
19	22	89361	89483
19	24	89479	89602
19	16	89112	89714
19	34	89238	89714
19	7	89483	89714
19	6	89483	89714
19	14	89238	89948
19	22	89824	90187
19	5	90187	90189
19	29	90187	90189
19	38	90187	90189
19	35	89602	90307
19	32	90187	90420
19	39	90307	90420
19	34	90307	90420
19	24	90307	90420
19	1	90307	90653
19	7	90307	90653
19	38	92212	92332
19	7	92339	92468
19	35	92086	92587
19	7	92836	93676
19	38	93930	94163
19	4	95229	95344
19	38	94752	95461
19	32	95461	95468
19	35	94638	95587
19	4	96196	96312
19	38	95947	96546
19	17	96070	96546
19	35	95947	96766
19	40	96546	97107
19	4	97599	97716
19	35	97716	98077
19	38	98560	98686
19	38	99081	99088
19	38	99710	99838
20	33	21493	21727
20	11	21613	21727
20	4	21981	21983
20	5	21981	21983
20	34	21983	22092
20	39	21983	22212
20	40	21983	22212
20	29	22092	22322
20	19	22212	22322
20	41	22212	22322
20	24	22569	22681
20	41	22569	22683
20	1	22569	22683
20	34	22683	22795
20	9	22685	22795
20	38	22683	22796
20	16	22685	22796
20	29	22795	22911
20	39	22683	23023
20	33	23138	23624
20	37	24945	28590
20	33	25803	30545
20	33	30786	31153
20	33	31884	33102
20	33	33226	33839
20	33	34083	45596
20	33	45955	49564
20	33	50051	51276
20	33	51637	52118
20	33	52255	62319
20	37	44987	64463
20	33	62567	64595
20	33	64944	65666
20	33	66144	66650
20	37	64595	69706
20	37	70048	71536
20	33	67001	72129
20	37	71775	72129
20	37	72493	72507
20	33	72750	72862
20	37	72862	72972
20	5	72493	73097
20	33	73335	73458
20	33	73486	74212
20	33	74560	75279
20	19	75776	76021
20	33	75651	76611
20	27	76739	76865
20	13	77245	77361
20	19	78408	78520
20	37	79572	79795
20	33	77115	80642
20	37	80769	80888
20	33	81009	81617
20	16	81617	81736
20	14	81851	81858
20	1	83268	83275
20	15	83886	84606
20	26	83629	84736
20	3	84011	84968
20	3	85334	85698
20	26	85091	86306
20	3	86679	86918
20	26	86679	87807
20	33	87940	88548
20	9	88789	88810
20	29	89182	89292
20	33	88796	89403
20	38	89640	89770
20	33	90012	90384
20	33	92759	92999
21	40	23108	23222
21	4	23108	23444
21	16	22996	23446
21	19	22996	23446
21	8	23444	23446
21	39	22996	23560
21	25	22996	23560
21	22	23108	23560
21	7	23334	23560
21	34	23560	23683
21	17	23562	23794
21	11	23683	23794
21	10	23562	23911
21	28	23794	23911
21	30	23560	24029
21	22	23913	24029
21	41	23911	24143
21	7	23913	24143
21	35	23562	24266
21	38	23683	24266
21	26	24029	24266
21	17	24266	24269
21	39	24266	24271
21	16	24269	24271
21	40	24269	24271
21	27	24269	24272
21	30	24272	24501
21	10	24272	24501
21	11	24381	24501
21	28	24381	24501
21	37	24271	24611
21	7	25103	25679
21	7	25932	26289
21	7	26541	26657
21	7	26897	27369
21	7	27615	29898
21	7	30024	30541
21	24	32962	33210
21	22	51744	51751
21	22	68930	68944
22	10	21430	21656
22	1	21544	21656
22	35	21316	21766
22	34	21656	21766
22	41	21656	21766
22	7	21656	22004
22	19	21766	22004
22	29	22004	22010
22	4	21766	22242
22	1	22010	22242
22	5	22010	22359
22	38	22242	22362
22	10	22359	22362
22	39	22359	22362
22	34	22362	22715
22	41	22478	22715
22	30	22478	22719
22	16	22592	22719
22	14	22715	22719
22	35	22010	22843
22	24	22592	22843
22	20	22478	22847
22	4	22592	22847
22	7	22843	22847
22	25	22956	23076
22	34	22956	23186
22	41	22956	23186
22	35	23076	23301
22	7	23186	23301
22	38	23076	23303
22	36	23186	23303
22	37	23301	23428
22	26	23076	23540
22	21	23301	23540
22	30	23303	23546
22	5	23303	23546
22	16	23428	23546
22	4	23540	23656
22	8	23546	23656
22	39	23546	23656
22	37	23546	23656
22	19	23543	23775
22	26	23660	23775
22	36	23660	23775
22	34	23660	23887
22	25	23660	23887
22	41	23775	23887
22	10	23775	23887
22	28	23775	24002
22	40	23887	24002
22	30	24004	24114
22	8	24114	24233
22	27	24004	24238
22	5	24236	24238
22	11	24004	24354
22	16	24004	24354
22	21	24236	24470
22	30	24354	24470
22	40	24238	24590
22	26	24356	24590
22	35	24356	24707
22	10	24590	24707
22	11	24590	24710
22	32	24354	24714
22	35	24830	24953
22	25	24707	24957
22	28	24830	24957
22	26	24830	24957
22	10	24830	24957
22	39	24356	25067
22	3	24714	25067
22	30	24953	25067
22	11	24953	25070
22	32	24957	25070
22	36	25067	25070
22	4	25070	25298
22	35	25189	25415
22	10	25189	25415
22	40	25070	25654
22	39	25539	25900
22	11	25539	25900
22	32	25654	25909
22	35	25660	26019
22	36	25904	26019
22	28	25189	26021
22	38	25415	26021
22	10	25900	26021
22	40	26019	26140
22	11	26021	26140
22	4	25904	26147
22	25	25298	26262
22	37	29187	29307
22	28	29300	29307
22	37	30408	31492
22	36	30408	31492
22	37	31849	31974
22	37	32960	33327
22	37	33571	33686
22	37	34050	34057
22	36	34050	34057
22	37	34301	34308
22	36	35976	36104
22	37	35976	36111
22	37	38405	39553
22	36	38398	39688
22	36	40053	40311
22	37	40304	40434
22	38	41299	41420
22	37	40676	41549
22	38	41667	42164
22	37	42171	43503
22	38	42889	43993
22	36	41050	44365
22	37	43875	44491
22	21	53068	53187
22	21	60293	60649
22	21	60785	61017
22	21	62897	63032
22	21	64813	64930
22	12	71500	71521
22	40	72473	72725
22	15	73553	73690
22	13	73676	73697
22	13	73950	74072
22	13	75136	75255
22	15	75136	75497
22	15	77926	78274
22	19	80483	80595
22	19	81342	81467
22	40	81467	81592
22	24	81719	81835
22	14	81719	82069
22	1	82069	82074
22	15	82074	82186
22	32	82069	82190
22	3	82074	82190
22	27	82186	82190
22	33	82654	83125
22	15	83722	83849
22	9	84104	84231
22	24	84104	84231
22	7	84104	84461
22	13	84104	84572
22	19	84461	84822
22	13	84947	85061
22	3	85903	86151
22	3	86399	86406
22	9	86406	86525
22	13	86772	86884
22	16	86884	87135
22	13	87257	87384
22	7	87503	87632
22	16	87625	87632
22	19	87893	88033
22	35	88520	88641
22	16	88520	88756
22	28	88889	88903
22	27	88896	88903
22	6	89141	89148
22	39	89141	89148
22	34	89145	89148
22	7	89145	89258
22	19	88641	89369
22	26	89369	89482
22	32	89369	89482
22	14	89258	89606
22	4	89482	89606
22	16	89027	89732
22	24	89482	89732
22	34	89482	89848
22	5	89848	89974
22	16	90097	90225
22	19	89974	90465
22	29	90225	90465
22	16	90465	90577
22	29	90811	91050
22	24	91050	91057
22	34	91644	91646
22	4	91644	91646
22	7	89732	91878
22	29	91646	91988
22	4	91988	92227
22	14	92823	92830
22	36	92830	92837
22	4	93076	93083
22	19	93452	93692
22	4	93808	93931
22	14	93931	94178
22	11	93931	94178
22	15	93931	94427
22	11	94427	94547
22	15	94907	95270
22	4	94427	95496
22	15	95616	96205
22	36	97056	97174
22	40	97174	97290
22	36	97510	97976
22	8	98460	98576
22	37	98343	98821
22	36	98695	98947
22	4	99297	99437
22	36	99304	99704
23	7	23705	23817
23	41	24400	24525
23	34	24903	25015
23	25	26305	26312
23	22	26305	26312
23	12	38678	38799
23	12	41711	42056
23	12	44674	44681
23	12	44934	45046
23	12	47880	48134
23	12	50191	50304
23	12	50906	51138
23	12	51994	52246
23	12	57919	58039
23	12	59677	59911
23	12	61869	62236
23	12	62820	63071
23	12	64422	64545
23	12	66914	66921
23	12	67409	67757
23	35	72849	72856
23	15	73354	73856
23	6	73482	73970
23	13	73856	74190
23	19	75506	75891
23	6	75884	75891
23	13	75265	76131
23	13	76482	76724
23	19	76259	76850
23	36	78449	78456
23	19	78327	78685
23	2	79388	79513
23	37	81585	81717
23	34	80616	82303
23	39	82422	82536
23	7	82536	82775
23	1	82651	82775
23	19	83690	83930
23	8	84049	84167
23	7	84745	84860
23	15	85969	86446
23	15	86692	87273
23	9	87383	87505
23	2	88224	88733
23	34	88224	88963
23	7	89074	89201
23	6	89074	89331
23	26	88963	89813
23	22	89449	89813
23	16	89563	89813
23	14	89563	89813
23	34	89324	89929
23	14	90293	90653
23	2	90653	90777
23	34	90894	90908
23	14	90901	91155
23	12	95567	95683
23	22	99902	100373
24	10	21445	21687
24	35	21572	21687
24	41	21687	21689
24	34	21689	21814
24	22	21689	21820
24	29	21814	21820
24	40	21689	21937
24	8	21817	21937
24	20	21817	21937
24	38	21687	21940
24	25	21687	22166
24	17	21820	22166
24	7	21820	22166
24	36	22166	22388
24	41	22166	22512
24	35	22278	22512
24	26	22388	22512
24	39	22388	22626
24	9	22629	22750
24	37	22052	22861
24	7	22512	22861
24	25	22750	22861
24	14	22978	25617
24	21	33024	33146
24	1	48298	48544
24	1	53137	53265
24	1	58431	58540
24	1	63224	63352
24	1	68278	68391
24	1	72910	72924
24	29	72910	72924
24	6	73403	73631
24	13	73631	74000
24	1	74259	74378
24	19	75086	75100
24	17	75107	75114
24	5	75232	75482
24	1	76421	76664
24	6	77154	77396
24	16	77278	77403
24	33	77396	77521
24	19	77648	77882
24	1	77769	77999
24	19	78373	78617
24	1	78492	78617
24	40	78988	79097
24	16	79097	79208
24	1	80962	81081
24	1	81777	81892
24	3	81777	81892
24	22	81550	82004
24	28	81892	82009
24	36	82004	82009
24	15	81892	82134
24	13	82253	82260
24	35	82253	82260
24	14	81663	82394
24	19	82513	82749
24	14	82874	83361
24	7	82874	83595
24	14	83595	83833
24	13	83722	84064
24	9	83476	84186
24	7	84064	84303
24	22	84186	84303
24	6	84413	84771
24	25	84413	84886
24	15	84771	84886
24	9	85511	86479
24	7	84900	86716
24	6	85132	86959
24	25	85132	87202
24	14	84186	87323
24	7	87202	87323
24	23	87924	87931
24	9	87931	87938
24	36	88543	89028
24	29	88543	89035
24	33	88789	89035
24	15	88916	89035
24	7	89292	89418
24	25	89157	89423
24	34	89418	89426
24	8	89418	89426
24	19	89426	89435
24	7	89429	89554
24	22	89435	89554
24	6	89435	89554
24	38	89435	89554
24	5	89426	89670
24	30	89786	89790
24	35	89786	89917
24	6	89790	89917
24	38	89917	90159
24	19	89917	90400
24	6	90274	90405
24	14	90405	90412
24	8	90405	90412
24	34	90405	90541
24	13	90400	90655
24	32	90541	90655
24	7	90541	90782
24	5	90782	90788
24	6	90655	90898
24	38	90412	91122
24	7	91009	91122
24	14	90655	91246
24	4	90788	91246
25	8	21242	21688
25	40	21465	21688
25	19	21579	21688
25	4	21354	21806
25	37	21465	21814
25	9	21688	21814
25	40	21809	21814
25	39	21811	21814
25	29	21806	21816
25	8	21809	21933
25	19	21814	21933
25	41	21809	21936
25	34	21809	21936
25	14	21811	22048
25	24	21933	22048
25	26	21936	22384
25	38	22162	22384
25	40	22162	22508
25	34	22384	22508
25	4	22508	22622
25	17	22274	22625
25	9	22508	22625
25	39	22622	22625
25	7	22048	22746
25	37	22508	22746
25	8	22508	22746
25	19	22746	22857
25	34	22746	22974
25	35	22857	22976
25	4	22976	23092
25	10	22976	23206
25	9	23092	23329
25	8	23092	23329
25	40	23206	23331
25	37	23331	23455
25	7	23331	23458
25	21	23329	23567
25	19	23458	23567
25	41	23458	23687
25	36	23331	23912
25	17	23687	23912
25	39	23331	23914
25	38	23458	23917
25	8	23914	23917
25	21	24029	24032
25	40	23687	24035
25	3	24029	24035
25	4	24032	24035
25	22	24032	24035
25	11	24032	24035
25	27	24145	24262
25	38	24147	24262
25	3	24262	24374
25	4	24374	24494
25	36	24147	24604
25	32	24489	24723
25	35	24374	24725
25	10	24604	24725
25	26	24723	24727
25	3	24723	24727
25	4	24725	24843
25	22	24725	24843
25	30	24725	24847
25	11	24725	24847
25	27	24727	24847
25	38	24727	24961
25	36	24847	24961
25	39	24262	25081
25	10	25081	25198
25	3	25081	25204
25	32	24843	25209
25	40	24961	25209
25	4	25204	25325
25	11	25209	25325
25	35	25198	25448
25	30	25204	25448
25	22	25198	25564
25	40	25454	25691
25	32	25454	25691
25	36	25564	25810
25	38	25448	25919
25	10	25810	25919
25	28	25448	26036
25	11	25564	26036
25	4	25810	26036
25	35	25810	26036
25	22	25919	26405
25	5	80308	80545
25	23	80426	80545
25	11	83299	83411
25	33	83299	83652
25	5	83879	84001
25	14	84237	84352
25	6	84237	84359
25	14	84487	84977
25	7	84854	85350
25	6	84598	85820
25	9	85229	86425
25	7	85697	86425
25	6	86182	86901
25	14	86059	87149
25	19	86789	87149
25	24	84359	87273
25	29	87022	87390
25	3	87273	87397
25	7	86789	87404
25	28	87651	88009
25	23	88133	88255
25	9	88133	88497
25	2	88133	88497
25	5	88494	88497
25	15	88619	88754
25	9	88754	88880
25	24	88754	88887
25	5	88880	88887
25	9	89143	89265
25	24	88908	89269
25	7	88901	89390
26	7	21979	21983
26	39	21983	22098
26	29	21983	22323
26	36	22098	22323
26	41	22209	22323
26	7	22209	22432
26	37	22209	22432
26	25	22209	22432
26	35	22323	22432
26	19	22432	22435
26	8	22435	22553
26	20	22550	22553
26	4	22550	22553
26	5	22550	22553
26	14	22435	22559
26	41	22550	22561
26	25	22556	22561
26	3	22556	22561
26	10	22556	22561
26	11	22559	22561
26	24	22550	22678
26	22	22678	22681
26	33	22678	22681
26	1	22793	22907
26	9	22793	22907
26	25	22793	23019
26	19	22793	23019
26	7	22907	23129
26	41	22793	23253
26	34	22907	23253
26	37	23019	23253
26	5	23129	23371
26	4	23129	23492
26	21	23367	23492
26	8	23371	23492
26	22	23129	23603
26	30	23367	23603
26	16	23603	23722
26	17	23720	23722
26	19	23720	23722
26	34	23492	23838
26	41	23720	23952
26	21	23722	23952
26	8	23838	23952
26	25	23952	24077
26	36	24075	24077
26	11	24201	24207
26	35	22678	24436
26	25	24316	24436
26	4	24075	24665
26	30	24661	24902
26	3	24661	24902
26	25	24665	24902
26	22	24207	24906
26	32	24316	24906
26	39	24546	24906
26	40	72764	73023
26	8	72899	73030
26	40	73264	73656
26	13	73656	73896
26	13	74356	74857
26	29	74846	74857
26	8	73776	74981
26	40	73896	75440
26	5	75440	75446
26	8	75807	75814
26	19	75446	75835
26	13	75562	75835
26	40	75684	76203
26	13	76561	76909
26	19	76561	77026
26	8	76081	77503
26	13	77145	77503
26	1	77747	77996
26	8	78114	78238
26	19	77503	78479
26	13	77872	78486
26	1	78479	78840
26	8	78599	79459
26	19	79459	79704
26	19	80051	80284
26	8	80170	80284
26	19	80641	80973
26	8	80863	81312
26	40	76439	81438
26	19	81438	81560
26	36	81560	81678
26	22	81797	82024
26	25	82720	82727
26	3	82720	82852
26	20	82971	82978
26	3	83844	84440
26	15	84201	85253
26	3	86354	86602
26	20	83352	87677
26	3	86949	87794
26	2	88274	88401
26	34	88274	88525
26	9	88401	88656
26	19	89022	89134
26	23	88649	89261
26	6	89261	89385
26	34	88903	89507
26	22	89507	89634
26	16	89507	89634
27	25	21193	21681
27	19	21302	21681
27	4	21552	21681
27	39	21558	21681
27	17	21079	21807
27	20	21564	21807
27	28	21681	21807
27	25	23933	24049
27	22	24045	24049
27	40	23933	24052
27	36	24052	24162
27	35	24052	24162
27	17	24052	24162
27	18	24162	24164
27	37	23933	24279
27	38	24162	24279
27	5	24049	24391
27	4	24391	24506
27	25	24164	24510
27	21	24164	24510
27	40	24506	24510
27	11	24506	24739
27	35	24510	24739
27	36	24620	24739
27	22	24620	24743
27	39	24279	24862
27	40	24743	24862
27	38	24866	24980
27	4	24739	25217
27	22	24980	25217
27	40	25100	25217
27	32	24510	25220
27	25	25348	25587
27	22	25464	25587
27	11	25220	25704
27	35	25220	25708
27	38	25348	25708
27	36	25594	25936
27	32	25594	26053
27	25	25936	26055
27	39	25217	26170
27	22	25936	26175
27	32	26298	26415
27	4	25708	26419
27	36	26170	26419
27	40	25587	26422
27	38	26175	26422
27	28	26175	26422
27	35	26415	26422
27	30	37972	38324
27	30	40319	41307
27	30	41443	41803
27	30	42058	47286
27	30	48126	48855
27	30	49330	50052
27	30	50293	51026
27	30	51893	52016
27	30	52365	52841
27	30	53337	54532
27	30	54983	56523
27	30	57201	57659
27	30	58005	58497
27	30	58838	59458
27	30	59836	61171
27	30	61545	61765
27	30	62105	65561
27	30	65916	66259
27	30	66522	67237
27	30	67492	67864
27	30	68225	69124
27	30	69484	69991
27	30	70341	71023
27	7	72743	72985
27	36	73349	73363
27	17	74069	74321
27	6	74191	74321
27	40	74191	74321
27	5	74314	74321
27	1	74314	74328
27	5	74710	75068
27	33	74460	75194
27	40	75068	75533
27	28	74588	75774
27	6	75656	75893
27	1	76014	76135
27	3	75649	76261
27	6	76258	76385
27	1	76385	76503
27	5	76503	76869
27	33	76628	76869
27	28	76135	76876
27	20	76869	76876
27	15	81111	81243
27	5	81362	81376
27	10	81858	82235
27	6	82235	82351
27	39	81622	82592
27	8	81983	82592
27	7	82470	82704
27	1	81983	82942
27	8	86665	86792
27	34	86665	87294
27	6	88527	88541
27	29	88527	88541
27	7	88527	88555
27	32	88790	88913
27	19	88913	89040
27	32	89397	89523
27	28	89040	89782
27	39	89668	89782
27	4	89161	89913
27	1	89537	89913
27	40	89782	89913
27	6	89913	90134
27	39	90023	90247
27	5	90134	90247
27	19	90134	90247
27	3	89909	90743
27	3	91108	91580
27	39	91456	91580
27	13	91234	92175
27	39	91944	92175
27	3	91826	92881
27	4	93364	93723
27	14	93849	93983
27	11	93364	94585
27	15	93983	94585
27	4	94473	94585
27	10	94824	94952
27	32	95313	95440
27	29	94824	95567
27	34	94952	95567
27	14	95800	95807
27	1	95923	96163
27	36	96038	96163
27	7	99840	100065
28	4	21592	21701
28	27	21367	21943
28	32	23025	23267
28	21	23855	23858
28	41	23855	23859
28	38	23855	23859
28	11	23859	23862
28	35	23859	23862
28	10	23859	23971
28	22	23858	24091
28	17	23862	24091
28	16	23971	24201
28	8	23971	24201
28	39	24201	24319
28	37	23971	24444
28	30	23859	24556
28	11	24201	24556
28	21	24444	24558
28	32	24444	24558
28	36	24556	24561
28	10	24444	24671
28	35	24561	24671
28	26	24561	24671
28	39	24674	24789
28	27	24674	24901
28	4	24789	24901
28	8	25016	25019
28	25	24201	25248
28	32	24674	25252
28	40	24901	25252
28	39	25019	25252
28	22	24674	25377
28	38	25252	25377
28	10	25257	25377
28	30	25129	25491
28	39	25377	25491
28	27	25491	25611
28	35	25019	25735
28	4	25611	25863
28	10	25735	26102
28	38	25979	26102
28	40	25377	26216
28	32	25491	26216
28	4	26106	26216
28	22	25735	26218
28	25	25863	26218
28	39	25863	26337
28	11	26102	26337
28	36	26218	26337
28	27	26106	26446
28	32	26932	27888
28	11	27184	28001
28	11	28351	29218
28	32	29078	29218
28	37	29346	29360
28	22	29346	29360
28	36	29353	29863
28	11	30465	31436
28	32	30340	31808
28	11	32156	32892
28	11	33743	34228
28	32	32771	34491
28	11	34837	35086
28	11	35701	37511
28	32	34837	37893
28	11	37893	38965
28	32	38259	38965
28	6	74590	74831
28	33	75090	75097
28	6	75956	76178
28	1	76065	76295
28	33	76418	76536
28	27	74368	76776
28	5	76655	76776
28	5	77269	77394
28	33	77753	77873
28	1	78608	78733
28	14	81995	82001
28	24	81995	82126
28	15	81995	82252
28	39	82126	82252
28	22	82245	82252
28	36	82001	82259
28	32	82245	82259
28	39	82741	83118
28	39	83468	83587
28	32	89410	89557
28	1	89673	89789
28	27	88908	89796
28	39	89796	90280
28	1	90165	90280
28	40	90165	90280
28	15	90044	90406
28	4	89020	90420
28	17	90165	90427
28	32	89796	92589
28	13	90909	92712
28	34	93299	93546
28	6	99998	100122
28	11	99521	100355
28	32	99998	100474
29	1	21660	21664
29	22	21660	21667
29	34	21660	21667
29	37	21660	21667
29	11	21540	21670
29	9	21664	21670
29	7	21667	21674
29	41	21664	21791
29	35	21674	21791
29	19	21540	21795
29	10	21670	21795
29	4	21791	21795
29	17	21791	21907
29	8	21791	22021
29	24	21907	22243
29	14	22133	22243
29	4	22133	22243
29	37	21791	22367
29	39	22021	22367
29	25	22243	22367
29	16	22243	22481
29	35	22367	22604
29	9	22481	22604
29	41	22481	22604
29	36	22481	22604
29	17	22481	22715
29	24	30329	30564
29	1	34584	34708
29	1	40952	41197
29	1	43435	44273
29	24	49963	50200
29	1	45139	53474
29	1	53723	55500
29	1	55844	60328
29	1	60577	61191
29	1	61557	68732
29	1	68977	70369
29	7	70967	71649
29	26	72764	72905
29	6	72785	72905
29	35	72905	73146
29	40	72771	73257
29	17	73146	73257
29	13	73737	73854
29	26	74817	74944
29	17	74940	74944
29	13	74695	74949
29	37	74949	74955
29	40	74944	74962
29	15	74944	74962
29	5	74949	74962
29	19	74955	74962
29	13	75337	75566
29	6	75688	75814
29	19	75566	75923
29	40	75688	76036
29	37	75814	76036
29	13	75923	76036
29	15	75923	76036
29	19	76634	76878
29	5	76634	76878
29	40	76634	76878
29	13	76755	77252
29	2	77245	77252
29	1	77127	77370
29	1	77614	77727
29	19	77844	77968
29	37	77844	77968
29	13	77611	78337
29	19	78337	78462
29	13	78594	78833
29	40	78833	78942
29	19	78942	79180
29	15	79180	79413
29	6	79299	79413
29	40	80213	80441
29	26	81044	81153
29	19	80926	81508
29	19	86690	86923
29	25	87049	87282
29	14	87049	87282
29	24	87170	87282
29	19	87403	88151
29	7	87403	88763
29	10	88636	88875
29	33	88514	88878
29	1	88763	89008
29	24	88636	89139
29	20	88878	89146
29	8	89152	89158
29	5	89005	89277
29	24	89158	89277
29	24	89885	90000
29	7	89000	90133
29	16	90140	90385
29	19	89643	90519
29	10	90512	90519
29	4	90512	90519
29	9	91100	91105
29	24	91100	91105
29	22	90629	91221
29	16	90740	91221
29	5	90853	91221
29	7	90271	91838
29	22	91712	91950
29	9	91719	92894
29	35	93608	94327
29	10	93859	94460
29	32	94334	95189
29	34	94949	95189
29	27	94949	95556
29	10	95556	95917
29	4	95675	95924
29	4	96282	98553
30	4	21869	22113
30	7	22113	22234
30	41	21988	22348
30	38	22234	22566
30	26	22234	22566
30	17	22348	22566
30	34	22566	22682
30	19	22348	22684
30	33	22566	22684
30	24	21991	22686
30	29	22682	22686
30	39	22684	22686
30	41	22684	22810
30	37	22810	22936
30	4	22933	23056
30	7	22566	23167
30	40	22810	23167
30	25	22684	23169
30	16	22933	23169
30	36	23167	23169
30	19	23167	23407
30	41	23167	23407
30	17	23289	23407
30	10	23522	23528
30	4	23525	23528
30	22	23525	23528
30	35	23525	23528
30	21	23525	23532
30	34	23289	23650
30	25	23522	23764
30	41	23528	23764
30	17	23650	23764
30	39	22936	23875
30	11	23764	23875
30	35	23764	23879
30	28	23875	24001
30	22	23879	24116
30	37	24001	24116
30	17	24001	24119
30	36	24112	24119
30	16	24001	24240
30	4	24001	24240
30	5	24116	24240
30	38	24119	24349
30	25	24349	24458
30	11	24240	24462
30	28	24349	24462
30	26	24349	24462
30	40	24458	24585
30	39	24349	24710
30	25	24710	24835
30	35	24462	25084
30	28	24713	25089
30	22	24713	25206
30	4	24710	25208
30	38	25202	25208
30	11	25084	25213
30	10	25206	25217
30	38	25217	25345
30	39	24959	25464
30	28	25464	25577
30	35	25217	25583
30	22	25217	25583
30	11	25464	25583
30	32	24349	25587
30	40	24959	25587
30	25	25089	25587
30	4	25577	25587
30	37	28192	28199
30	27	37016	37743
30	27	38105	38351
30	27	39089	39208
30	27	40551	40791
30	27	41030	41657
30	27	42839	43091
30	27	43466	43719
30	27	44429	45378
30	27	45520	45770
30	27	46149	47277
30	27	47537	48159
30	27	48522	48647
30	27	49016	49869
30	27	50117	51100
30	27	51822	53265
30	27	53868	54468
30	27	55085	55197
30	27	55558	55672
30	27	56886	57630
30	27	57996	58108
30	27	58474	58835
30	27	59799	61216
30	27	61805	62040
30	27	62514	62865
30	27	63431	64354
30	27	65180	65423
30	27	66044	66307
30	27	66658	67273
30	27	67629	69517
30	27	70012	70704
30	14	73834	74089
30	19	74199	74206
30	17	74448	74455
30	13	74827	75073
30	5	74948	75200
30	38	75073	75200
30	9	74827	75327
30	17	75452	75466
30	40	75459	75577
30	19	75452	75950
30	9	75698	75950
30	6	75955	76083
30	5	75955	76083
30	9	76571	76681
30	19	76331	77024
30	14	76791	77024
30	9	77607	77614
30	33	77614	77621
30	14	78478	78485
30	39	81756	81873
30	5	82847	82965
30	15	82847	83450
30	25	83816	83935
30	36	84540	85011
30	5	83331	85590
30	36	85368	85590
30	1	84778	85811
30	11	87335	87454
30	9	88194	88319
30	15	88444	88571
30	33	88194	88687
30	17	88444	88687
30	24	88687	88928
30	9	88806	88928
30	36	88928	89040
30	8	89040	89045
30	15	89045	89268
30	9	89156	89509
30	32	89858	90209
30	1	90094	90209
30	9	89858	90216
30	32	90344	90577
30	15	90711	90959
30	4	91086	91207
30	5	90455	91427
30	9	91207	91427
30	32	95375	95744
30	32	96130	96711
30	34	98161	98392
30	32	97797	98756
30	34	98877	99098
30	32	99344	99472
32	38	20943	21166
32	5	20943	21166
32	29	21055	21166
32	41	21055	21166
32	35	21055	21287
32	22	21280	21287
32	30	21408	21636
32	28	22965	23309
32	27	23197	23424
32	19	23910	23917
32	41	24151	24270
32	40	24268	24273
32	17	24268	24389
32	16	24268	24389
32	36	24389	24390
32	39	24270	24503
32	38	24393	24503
32	21	24389	24506
32	11	24273	24625
32	30	24390	24625
32	4	24506	24625
32	22	24390	24975
32	18	24506	24975
32	3	24734	24975
32	39	24851	25090
32	30	24975	25216
32	35	24625	25333
32	11	25090	25333
32	38	24734	25336
32	28	24734	25339
32	4	25216	25339
32	36	25093	25449
32	10	25090	25452
32	25	25336	25452
32	40	25336	25452
32	30	25339	25571
32	11	25571	25576
32	28	25571	25691
32	36	25691	25808
32	10	25691	25917
32	35	25449	26146
32	22	25571	26146
32	39	25576	26263
32	4	25571	26504
32	38	25691	26504
32	11	25917	26504
32	40	26030	26504
32	11	26745	27107
32	28	26988	27892
32	11	27233	27892
32	28	28967	29086
32	11	28967	31772
32	28	30307	31772
32	28	32264	32396
32	28	32749	32756
32	28	33000	33362
32	11	32389	35922
32	11	36288	37470
32	11	37827	37834
32	28	33607	38858
32	11	38079	38858
32	11	39110	39117
32	11	39726	42438
32	11	42932	43060
32	11	43664	43794
32	11	44271	45846
32	11	46317	47409
32	30	80275	80289
32	10	82908	82922
32	8	82793	83658
32	22	84126	84253
32	7	84615	84865
32	10	83276	85098
32	38	82679	85224
32	16	84015	85224
32	38	85578	86565
32	16	86689	87179
32	38	86938	87440
32	6	87314	88310
32	35	82679	88436
32	16	87953	88436
32	10	88195	88436
32	38	87461	88443
32	19	88436	88443
32	13	88443	88457
32	14	88581	88829
32	35	88695	88939
32	6	89410	89417
32	28	89287	89533
32	1	89287	89533
32	19	89417	89537
32	38	89533	89660
32	39	89533	89664
32	4	88939	89781
32	1	89778	89900
32	28	89781	89900
32	16	90012	90122
32	8	90012	90122
32	40	90012	90122
32	5	90012	90485
32	4	90246	90485
32	17	89781	90487
32	34	90369	90487
32	13	90605	90718
32	3	90605	90836
32	39	90012	91074
32	17	90836	91074
32	28	90718	91077
32	4	90836	91198
32	5	91077	91198
32	15	90605	91309
32	8	90836	91419
32	13	91309	91658
32	3	91198	91672
32	28	91658	91793
32	2	91665	91902
32	4	91542	92140
32	28	92140	92254
32	15	91665	92261
32	28	92387	92514
32	34	92387	92521
32	13	91902	92762
32	14	93011	93123
32	38	94338	94345
32	10	94813	94934
32	29	94461	95285
32	27	94813	95285
32	30	96364	98378
32	30	98868	99004
32	34	99011	99135
32	34	99381	99512
32	30	99381	99760
32	33	99885	99889
32	7	99889	100242
32	8	99885	100369
33	41	21175	21638
33	39	21412	21638
33	4	21526	21638
33	7	21297	21748
33	20	21526	21748
33	36	21748	21872
33	27	21986	22225
33	19	22709	22833
33	35	22709	22833
33	29	22833	22945
33	8	22836	22945
33	24	22836	23065
33	20	22945	23667
33	37	25816	26172
33	37	26419	27032
33	20	25816	27371
33	37	27371	28329
33	37	28581	28588
33	20	27721	29463
33	20	30070	30547
33	20	30806	30813
33	20	31060	31178
33	20	31655	33113
33	20	33362	33605
33	20	33861	35064
33	20	35318	38219
33	20	38682	40330
33	20	40580	44645
33	20	45005	45135
33	20	45975	46100
33	20	46359	47785
33	20	48258	49832
33	20	50065	51158
33	37	45005	52148
33	20	51413	52264
33	20	52625	57791
33	20	58262	60097
33	20	60938	62354
33	20	62712	63795
33	20	64150	64494
33	20	64966	65700
33	20	66157	66391
33	20	66901	67249
33	20	67508	67624
33	20	67879	68238
33	20	68483	69117
33	20	69256	70583
33	37	52497	71413
33	20	71155	71534
33	37	72025	72151
33	20	71899	72763
33	37	72411	72875
33	5	72524	73243
33	20	73117	73360
33	37	73243	73360
33	37	73619	73960
33	27	74446	74467
33	27	74720	74849
33	15	74842	74849
33	5	75548	76146
33	19	75781	76146
33	27	76025	76267
33	6	75788	76515
33	20	73495	76763
33	27	76639	76881
33	5	76757	77008
33	15	76639	77129
33	19	77129	77359
33	20	77122	77483
33	5	77242	77483
33	3	77122	77606
33	40	77598	77606
33	15	77598	77606
33	9	77598	77725
33	6	77725	78329
33	15	78220	78440
33	3	78567	78800
33	40	78800	79039
33	6	78800	79714
33	1	79489	79954
33	20	77850	80540
33	37	79714	80895
33	16	80654	81124
33	40	81124	81366
33	1	81236	81485
33	20	81236	81626
33	34	81866	81981
33	5	81866	82106
33	25	82106	82358
33	34	82358	82474
33	37	81866	82593
33	11	83535	83767
33	11	84118	84125
33	37	83535	84253
33	11	84486	85225
33	37	85463	86915
33	37	87417	87775
33	20	87899	88389
33	40	88389	88524
33	15	88396	88524
33	25	88396	88655
33	36	88667	88790
33	9	88667	89026
33	1	88906	89026
33	24	88790	89030
33	36	89026	89030
33	20	88650	89513
33	20	90013	90124
33	11	91098	91336
33	20	92761	93117
33	7	93846	94575
33	7	95061	95310
33	7	95790	95797
33	7	96153	96265
33	7	96499	96612
33	7	97697	98173
33	15	98510	98734
33	7	98625	98866
33	6	93959	99704
34	24	21703	21825
34	4	21707	21828
34	5	21707	21828
34	35	21822	21828
34	22	21707	21829
34	20	21822	21829
34	11	21828	21829
34	29	21829	21948
34	7	21829	21948
34	24	21949	22061
34	35	21949	22061
34	40	22175	22287
34	25	21829	22397
34	39	22175	22397
34	19	22061	22521
34	1	22287	22521
34	7	22287	22521
34	41	22397	22521
34	26	22638	22759
34	38	22638	22759
34	37	22638	22759
34	3	22521	22870
34	7	22870	22987
34	17	22870	22987
34	1	22759	23104
34	9	22759	23104
34	40	22870	23218
34	19	22870	23218
34	25	22988	23218
34	3	23104	23341
34	7	23218	23343
34	36	23341	23343
34	41	22870	23467
34	26	23104	23467
34	17	23218	23467
34	25	23467	23470
34	38	23341	23579
34	11	23343	23699
34	10	23579	23699
34	16	23467	23809
34	30	23470	23809
34	21	23579	23809
34	35	23579	23809
34	4	23579	23924
34	1	25246	25487
34	1	26222	26341
34	1	26806	27053
34	39	26936	27188
34	8	27181	27188
34	41	23931	27298
34	1	27892	28843
34	41	28479	29208
34	1	29357	29486
34	1	29867	30337
34	41	29350	30469
34	41	30711	31313
34	1	30704	31440
34	41	31687	33018
34	1	31687	33140
34	2	79449	79563
34	5	81303	81658
34	23	80477	81999
34	5	81999	82006
34	37	81658	82264
34	23	82250	82264
34	33	82250	82871
34	2	83830	83942
34	36	83830	84183
34	1	84061	84183
34	25	86713	86956
34	27	86476	87073
34	15	87320	87921
34	2	87921	87928
34	3	87921	87934
34	1	87928	88059
34	36	88053	88059
34	23	88290	88541
34	5	88417	88541
34	2	88178	88663
34	25	88290	88663
34	29	88909	89031
34	26	88790	89299
34	19	89166	89299
34	6	89166	89299
34	10	89296	89432
34	6	89432	89548
34	23	89313	89664
34	24	89292	89671
34	4	89548	89671
34	26	89664	89671
34	22	89313	89798
34	16	89548	89919
34	35	89664	90155
34	19	89671	90295
34	14	89798	90426
34	32	90295	90426
34	14	90674	90895
34	7	91008	91255
34	14	91255	91627
34	6	91869	91995
34	39	91755	92107
34	2	92464	92580
34	22	93051	93300
34	28	93300	93421
34	9	93300	93642
34	1	94363	94484
34	11	94730	94744
34	23	94737	94744
34	32	94985	95346
34	29	94866	95462
34	27	94985	95462
34	10	95346	95585
34	2	96081	96328
34	27	96561	96568
34	32	98223	98594
34	30	98594	98828
34	7	99749	99997
34	32	99997	100114
35	37	21564	21678
35	22	21448	21790
35	8	21452	21790
35	24	21564	21790
35	14	21678	21790
35	9	21678	21900
35	1	21678	21900
35	34	21790	21902
35	41	21902	22016
35	11	21900	22018
35	38	22018	22139
35	29	22018	22250
35	10	22018	22250
35	36	22139	22250
35	30	22139	22250
35	17	22018	22367
35	41	22250	22367
35	1	22250	22367
35	4	22367	22370
35	40	22370	22486
35	20	22139	22723
35	11	22367	22723
35	36	22486	22723
35	24	22600	22726
35	14	22600	22850
35	40	22726	22850
35	26	22850	22851
35	4	22723	22960
35	7	22850	22960
35	38	22851	23080
35	1	22851	23080
35	9	22960	23080
35	8	22960	23305
35	41	23190	23308
35	3	23190	23308
35	36	23190	23308
35	25	23305	23311
35	19	23080	23423
35	22	23308	23423
35	26	23190	23426
35	34	22960	23429
35	8	23429	23539
35	25	23429	23539
35	41	23542	23657
35	38	23542	23657
35	3	23542	23657
35	9	23542	23769
35	4	23769	23884
35	5	23657	23887
35	30	23657	23887
35	39	23884	23887
35	16	23769	23997
35	21	23884	24116
35	37	23997	24239
35	22	24116	24239
35	16	24123	24239
35	3	24119	24242
35	30	24242	24476
35	36	24242	24476
35	28	24242	24476
35	38	24123	24593
35	26	24476	24593
35	21	24596	24597
35	17	24242	24713
35	39	24597	24713
35	32	24596	24836
35	25	24596	24836
35	10	24713	24952
35	38	24713	24952
35	36	24836	24952
35	11	24593	25071
35	28	24839	25071
35	3	24713	25297
35	39	25071	25297
35	30	25297	25421
35	40	25180	25536
35	11	25421	25538
35	27	25536	25661
35	39	25661	25778
35	22	25661	25783
35	30	25783	25788
35	32	24952	25903
35	28	25421	26022
35	11	25788	26029
35	4	25538	26144
35	10	25538	26144
35	22	26029	26144
35	25	25071	26261
35	39	26029	26370
35	36	26029	26370
35	27	26261	26483
35	28	26370	26483
35	32	26144	26599
35	11	26370	26599
35	38	25898	26716
35	4	26483	26716
35	40	26022	26957
35	4	27073	27080
35	10	26483	27574
35	10	31253	33209
35	10	33453	33568
35	10	33815	33932
35	10	34176	35858
35	10	36115	36860
35	10	37331	37678
35	10	37923	38165
35	10	38532	38539
35	10	38679	38686
35	10	39172	40439
35	10	40687	41438
35	15	72962	73197
35	13	73954	74075
35	15	74075	74190
35	17	74190	74312
35	9	75018	75137
35	15	75018	75258
35	13	75137	75502
35	19	75258	75751
35	19	75994	76121
35	15	75994	76235
35	15	76472	76711
35	19	76839	76846
35	15	76965	77090
35	36	77681	77927
35	15	77927	78156
35	19	78620	78841
35	2	80023	80136
35	32	80477	80484
35	3	80477	80484
35	3	80869	81601
35	13	81717	81836
35	19	82420	82661
35	13	82539	82661
35	8	83132	83856
35	38	83010	84706
35	10	86406	86413
35	16	86399	86891
35	6	87391	87503
35	16	87264	87767
35	6	87767	87893
35	38	84954	88272
35	32	82778	88527
35	6	88156	88527
35	32	88910	89282
35	19	89275	89282
35	14	89275	89282
35	19	89616	89740
35	34	89740	89863
35	22	89282	89986
35	14	89740	89986
35	34	90112	90239
35	7	90235	90239
35	19	90235	90360
35	38	90360	90591
35	7	90591	91189
35	13	91420	91535
35	4	90701	91662
35	38	90948	91662
35	5	91420	91662
35	2	91658	91662
35	38	92243	92250
35	33	92257	92487
35	19	92250	92613
35	7	92378	92613
35	29	93347	94443
35	19	94690	94923
35	38	94801	94930
35	38	95745	95870
35	19	95161	96104
35	38	96347	96585
35	19	96347	96956
35	40	96707	96956
35	8	97306	97643
35	19	97867	97999
35	38	98235	98837
35	4	98963	99320
35	11	99073	99446
35	10	99188	99582
35	10	99720	99966
35	36	99966	99973
35	4	99966	99973
35	6	99966	100097
35	32	99973	100097
36	25	21294	21645
36	28	21645	21894
36	33	21766	21900
36	27	21894	22012
36	35	22012	22237
36	34	22012	22347
36	17	22237	22347
36	4	22346	22462
36	37	22237	22469
36	41	22346	22586
36	7	22347	22586
36	39	22466	22586
36	18	22466	22586
36	26	22237	22712
36	25	22237	22824
36	4	22712	22824
36	30	22712	23160
36	22	23050	23160
36	16	23050	23160
36	8	23050	23160
36	10	23162	23276
36	19	23162	23276
36	26	23276	23278
36	40	23162	23510
36	7	23162	23510
36	37	23276	23510
36	39	23278	23510
36	22	23278	23510
36	21	23278	23627
36	30	23399	23748
36	19	23627	23748
36	25	23278	23862
36	35	23748	23862
36	38	23748	23862
36	41	23627	23985
36	39	23748	23985
36	30	23989	23991
36	21	23985	23998
36	22	23985	23998
36	25	23991	24227
36	35	24107	24227
36	17	24227	24337
36	39	24227	24337
36	10	24227	24337
36	22	24452	24454
36	37	23998	24579
36	40	24452	24691
36	32	24452	24695
36	25	24579	24695
36	39	24579	24695
36	4	24691	24699
36	11	24691	24809
36	35	24691	24809
36	28	24699	24814
36	40	24809	24814
36	18	24809	24929
36	38	24699	25041
36	25	24814	25156
36	40	25162	25391
36	11	25162	25394
36	30	25391	25394
36	39	25041	25399
36	27	25394	25399
36	35	25394	25515
36	25	25394	25519
36	40	25515	25519
36	4	25515	25633
36	32	25041	25753
36	38	25272	25753
36	11	25633	25870
36	35	25753	25877
36	27	25870	25883
36	22	25877	25883
36	39	25883	25999
36	25	25877	26128
36	38	25999	26242
36	40	25999	26242
36	27	26238	26242
36	39	26238	26242
36	32	25883	26470
36	35	26122	26470
36	4	26361	26470
36	22	29370	29384
36	37	29370	29634
36	28	29759	29887
36	37	30611	31714
36	37	32070	32180
36	22	30611	32187
36	37	32309	32428
36	37	32916	33160
36	37	34139	34252
36	22	34132	34259
36	37	35718	35972
36	22	36094	36101
36	37	36347	36580
36	22	36347	36580
36	37	37783	37910
36	37	38515	38873
36	22	38873	39822
36	22	39964	40221
36	37	39220	40467
36	37	40839	40984
36	38	41477	43318
36	22	40839	43325
36	37	41234	43325
36	22	43588	44320
36	37	43588	44433
36	38	43460	48185
36	38	48439	49169
36	38	50002	50123
36	38	50486	55551
36	38	56125	57074
36	38	57536	58677
36	38	58916	59039
36	38	59751	60751
36	38	61102	61469
36	38	61836	63961
36	38	64209	66105
36	38	66464	66920
36	38	67181	72312
36	10	73417	73645
36	13	73645	73771
36	7	73771	74135
36	17	74014	74135
36	13	74135	74142
36	15	74135	74392
36	7	74273	74504
36	15	74732	74739
36	17	74732	74739
36	15	75107	75121
36	6	76089	76319
36	1	76319	76442
36	40	76435	76442
36	17	76435	76560
36	15	75732	77411
36	5	77293	77411
36	38	77411	77538
36	1	77536	77652
36	7	77538	77652
36	19	78012	78127
36	13	78260	78382
36	6	78260	78385
36	38	78379	78385
36	9	78391	78514
36	39	78514	78630
36	15	78379	79449
36	1	80010	80124
36	39	80364	80486
36	40	80950	81419
36	19	80950	81646
36	2	81646	81901
36	17	81775	81901
36	24	82028	82147
36	15	82028	82268
36	39	82147	82268
36	22	82147	82383
36	34	83579	84047
36	30	84291	85015
36	34	84766	85015
36	1	84405	85145
36	5	84291	85738
36	30	85270	85738
36	1	85518	87069
36	1	87441	87558
36	3	88050	88179
36	33	88669	88674
36	30	88802	88815
36	24	88815	88821
36	20	88821	88946
36	40	88802	89178
36	15	89062	89178
36	17	88809	89183
36	8	89178	89307
36	20	89186	89428
36	15	89307	89428
36	37	88806	89543
36	30	89183	89543
36	37	89928	90643
36	4	90520	90892
36	37	91495	91968
36	4	91968	92093
36	37	92206	92562
36	27	95949	96072
36	1	94622	96771
36	22	97130	97611
36	22	97975	97982
36	22	98784	99737
37	41	23707	23822
37	19	23822	23933
37	38	23707	24050
37	40	23933	24050
37	21	23822	24173
37	11	24050	24173
37	18	24171	24173
37	25	23707	24284
37	32	24400	24524
37	39	24171	24646
37	4	24524	24646
37	21	24524	24769
37	33	25742	26665
37	20	25014	28347
37	33	27139	28347
37	30	28466	28473
37	3	28838	28852
37	27	29475	29602
37	22	29833	29840
37	36	29475	29963
37	28	29833	29963
37	22	30436	32087
37	36	30670	32333
37	22	34145	34257
37	36	34145	34264
37	22	36992	37122
37	36	37375	37382
37	22	38125	38357
37	36	38721	39232
37	22	38593	39360
37	36	39487	39853
37	22	39605	39983
37	36	40109	40482
37	22	40220	40597
37	36	40959	41084
37	38	41536	41758
37	22	41311	42235
37	22	42369	42490
37	22	42953	43310
37	38	43071	43310
37	38	43679	43921
37	22	44048	44416
37	38	44416	44423
37	36	41427	44557
37	22	44557	44666
37	33	45034	46347
37	20	45034	56127
37	33	46601	65239
37	20	56371	66101
37	20	66346	68644
37	33	65486	70336
37	33	70357	71850
37	20	69002	72110
37	33	71987	72718
37	20	72476	72852
37	5	72603	73095
37	20	73109	73220
37	33	73220	73447
37	33	73845	74212
37	29	75918	76161
37	13	76277	76395
37	19	77008	77130
37	13	77130	77354
37	1	77241	77600
37	29	77844	78188
37	6	78188	78321
37	40	78914	79036
37	1	78677	79043
37	29	79036	79043
37	9	79643	79877
37	33	79643	80840
37	33	81814	81939
37	34	81695	82062
37	32	82062	82076
37	5	82062	82202
37	33	82076	82202
37	34	82442	82681
37	1	83281	83393
37	11	83755	83892
37	25	83514	83899
37	33	83514	84367
37	33	85434	86960
37	33	87311	87538
37	40	88672	88793
37	17	89166	89405
37	8	89285	89515
37	36	88793	89626
37	32	90246	90490
37	30	90739	90753
37	9	90746	90992
37	36	89869	91104
37	2	92075	92082
37	36	92089	92211
37	9	94211	94323
37	17	93368	94451
37	17	95150	95377
37	8	93970	95978
37	8	96225	96466
37	8	97047	97437
37	8	98287	98652
38	25	21110	21694
38	41	21583	21811
38	35	21458	21814
38	37	21458	21814
38	40	21694	21814
38	34	21694	21930
38	7	21811	21930
38	10	21814	21930
38	14	21811	22167
38	24	21811	22167
38	30	22044	22167
38	29	22044	22169
38	4	21811	22171
38	20	22167	22171
38	10	22169	22173
38	25	22171	22173
38	37	22171	22282
38	7	22173	22282
38	36	22169	22402
38	35	22169	22402
38	4	22512	22627
38	39	22512	22627
38	16	22512	22627
38	24	22282	22632
38	33	22630	22632
38	14	22512	22746
38	8	22512	22749
38	9	22744	22749
38	20	22744	22749
38	39	22744	22749
38	30	22744	22859
38	22	22749	22859
38	16	22749	22859
38	10	22862	23089
38	34	22859	23204
38	9	22977	23204
38	25	23089	23204
38	22	23089	23207
38	21	23207	23438
38	4	23207	23438
38	16	23317	23438
38	37	23317	23438
38	7	23207	23442
38	36	23436	23442
38	35	23204	23558
38	34	23558	23560
38	9	23436	23674
38	4	23560	23794
38	5	23560	23911
38	30	23560	23914
38	37	23560	23914
38	39	23674	23914
38	21	23794	23914
38	27	23911	23914
38	25	23911	24157
38	40	23918	24157
38	39	24157	24270
38	30	24160	24270
38	16	24160	24270
38	35	23911	24391
38	28	23918	24391
38	17	24272	24500
38	11	24272	24617
38	4	24500	24617
38	22	24500	24617
38	40	24741	24859
38	35	24741	24982
38	28	24741	25099
38	11	24982	25099
38	32	24500	25101
38	22	24859	25101
38	10	24982	25104
38	3	25099	25104
38	25	24272	25214
38	39	24617	25214
38	35	25104	25214
38	4	25101	25218
38	30	25101	25218
38	40	25214	25337
38	27	25218	25341
38	10	25337	25341
38	36	25099	25456
38	22	25218	25573
38	28	25214	25911
38	25	25456	25911
38	40	25682	26028
38	22	25911	26028
38	39	25341	26145
38	10	25911	26145
38	36	25911	26145
38	11	25218	26385
38	32	25218	26392
38	35	25341	26510
38	4	26028	26510
38	40	26385	26510
38	1	26872	26998
38	34	26753	27012
38	41	26879	27012
38	8	26998	27012
38	36	29477	29484
38	37	41358	41486
38	36	41358	41853
38	22	41358	41966
38	37	41966	42331
38	37	42697	42951
38	36	42090	44399
38	22	42697	44399
38	36	44783	46328
38	36	46682	46939
38	36	47299	48969
38	36	49830	50921
38	36	51397	53321
38	36	53895	55306
38	36	55979	56934
38	36	57394	59362
38	36	59857	62091
38	36	62337	62446
38	36	62806	65205
38	36	65556	67541
38	36	67791	68421
38	36	68787	72162
38	40	72502	72509
38	7	72877	72898
38	13	74939	75063
38	15	75063	75185
38	14	75181	75185
38	5	75181	75185
38	17	75063	75303
38	15	75544	75664
38	19	75544	75905
38	30	76654	76770
38	15	76654	76990
38	19	76770	76990
38	36	77350	77465
38	15	77825	78053
38	30	78181	78408
38	14	78408	78532
38	36	77710	78654
38	15	78292	78654
38	40	78532	78777
38	13	78654	78898
38	39	79624	79860
38	36	80787	81029
38	2	81622	81745
38	36	81864	81977
38	22	81864	81977
38	2	82103	82355
38	15	82230	82355
38	35	82608	83348
38	10	83341	83355
38	8	82722	83617
38	35	83610	83848
38	35	84088	84322
38	32	82474	85141
38	32	85483	86466
38	16	85606	86466
38	6	86952	87075
38	35	84678	87434
38	6	87434	87562
38	16	87203	87796
38	35	87796	88265
38	32	86952	88272
38	10	88265	88399
38	5	88757	88764
38	7	88757	88883
38	10	89468	89475
38	5	89359	89702
38	3	89922	90045
38	40	89922	90168
38	35	90045	90410
38	39	89811	90520
38	19	89811	90520
38	5	90045	90520
38	3	90761	90881
38	13	90767	90881
38	4	90638	90888
38	24	90888	91013
38	5	90761	91020
38	13	91020	91148
38	39	90761	91153
38	35	90761	91403
38	22	91148	91403
38	9	91403	91525
38	2	91403	91525
38	5	91277	91644
38	4	91153	91761
38	8	91644	91761
38	13	91403	91876
38	19	92113	92222
38	4	92222	92229
38	19	92623	92743
38	7	92222	92996
38	37	92989	92996
38	7	93368	93489
38	19	94595	95063
38	19	95394	95516
38	40	95172	95878
38	35	95749	95878
38	40	96012	96363
38	19	96005	96472
38	35	96254	96472
38	19	96823	97065
38	17	96005	97174
38	35	97918	97925
38	19	98052	98059
38	19	98302	98430
38	35	98186	98670
38	19	99856	99990
39	27	21395	21734
39	4	21504	21734
39	16	21504	21734
39	19	21624	21849
39	29	21849	21851
39	10	21851	21976
39	34	21849	22088
39	38	21849	22088
39	4	21976	22091
39	20	22089	22201
39	11	22089	22201
39	35	22089	22201
39	24	22091	22318
39	36	22091	22430
39	25	22203	22545
39	26	22203	22545
39	37	22203	22545
39	40	22091	22547
39	8	22203	22547
39	16	22545	22657
39	19	22547	22776
39	30	22657	22778
39	33	22657	22778
39	7	22776	22778
39	9	22778	22780
39	24	22657	22896
39	34	22778	22896
39	14	22780	22896
39	26	22780	22896
39	40	22896	22898
39	19	23012	23132
39	1	23012	23132
39	9	23132	23249
39	38	23012	23254
39	35	22898	23370
39	41	23249	23493
39	22	23370	23493
39	37	23370	23497
39	25	22896	23607
39	36	23254	23607
39	9	23493	23607
39	40	23497	23607
39	38	23607	23839
39	41	23611	23839
39	4	23611	23839
39	37	23730	23839
39	11	23611	23956
39	35	23611	23956
39	21	23958	24080
39	36	23958	24080
39	8	23958	24080
39	22	23730	24203
39	30	24073	24203
39	37	24073	24320
39	17	24320	24322
39	26	24320	24322
39	36	24322	24557
39	32	24434	24557
39	11	24438	24562
39	35	24080	24677
39	38	24324	24677
39	28	24438	24677
39	22	24438	24677
39	10	24438	24677
39	4	24438	25016
39	26	24794	25016
39	10	25016	25249
39	25	24677	25366
39	11	25132	25366
39	40	25490	25611
39	35	25606	25729
39	32	24794	25852
39	4	25611	26091
39	27	25490	26096
39	38	26091	26099
39	35	26091	26211
39	36	24903	26215
39	28	26099	26215
39	25	25729	26218
39	22	26091	26218
39	40	25972	26346
39	27	26215	26346
39	4	26211	26353
39	32	26215	26353
39	10	26346	26353
39	35	26346	26360
39	8	26610	27093
39	41	26863	27208
39	34	26863	27333
39	8	27587	28177
39	8	28443	30864
39	8	31360	31491
39	8	31837	32086
39	8	32457	32578
39	8	32708	33447
39	8	33793	35378
39	8	35849	35965
39	8	36196	36319
39	8	36683	37197
39	15	37331	38453
39	15	38704	41172
39	15	41409	44685
39	15	45048	50873
39	15	51219	51587
39	15	52062	56966
39	15	57338	57713
39	15	57843	58327
39	15	58693	62716
39	15	63074	67246
39	15	67627	72350
39	15	78299	78413
39	2	78299	78541
39	38	78413	78654
39	7	78299	78995
39	15	78995	79253
39	40	79387	79506
39	7	79246	79742
39	1	79867	79992
39	7	80119	80469
39	36	79867	80587
39	19	80119	80937
39	7	80714	81295
39	19	81763	81885
39	6	81885	82013
39	10	82013	82124
39	27	82013	82251
39	32	82246	82251
39	8	82246	82374
39	6	82248	82374
39	1	82248	82502
39	23	82499	82502
39	26	82499	82623
39	27	82502	82623
39	6	82623	82732
39	40	82623	82732
39	17	82732	82843
39	17	83455	83582
39	34	83698	83815
39	27	89577	89808
39	40	89690	89808
39	15	89690	90046
39	4	89577	90048
39	8	89690	90048
39	5	90046	90048
39	19	90048	90169
39	27	90048	90169
39	7	90048	90280
39	32	89577	90513
39	15	90390	90513
39	1	90390	90635
39	13	90513	90635
39	5	90390	90641
39	19	90629	90641
39	38	90635	90641
39	3	90762	90997
39	32	90871	90997
39	7	91109	91237
39	15	90871	91357
39	13	91230	91357
39	35	91356	91357
39	4	90390	91470
39	5	91357	91470
39	1	91470	91472
39	34	91472	91477
39	38	91223	91955
39	7	91839	91955
39	13	91843	92071
39	34	91843	92071
39	3	91357	92194
39	15	91955	92194
39	4	93170	93177
40	25	21301	21666
40	34	21420	21666
40	1	21420	21666
40	41	21540	21780
40	5	21540	21780
40	38	21666	21780
40	35	21780	21896
40	24	21666	21899
40	37	21899	22129
40	25	21899	22129
40	17	21899	22129
40	30	22008	22250
40	14	22008	22250
40	9	22008	22253
40	34	21899	22256
40	39	22129	22256
40	36	22129	22256
40	26	22250	22256
40	19	22253	22368
40	8	22256	22368
40	20	22368	22479
40	4	22368	22593
40	14	22368	22702
40	29	22479	22702
40	24	22368	22706
40	5	22593	22706
40	11	22821	22823
40	7	22821	22826
40	35	22479	22829
40	22	22821	22832
40	4	22826	22832
40	37	22826	22832
40	30	22829	22949
40	34	22832	22949
40	39	22823	23064
40	7	22949	23064
40	41	22952	23178
40	35	23064	23178
40	36	22949	23290
40	21	23290	23400
40	7	23400	23524
40	37	23400	23524
40	19	23178	23638
40	39	23400	23645
40	11	23638	23877
40	25	22832	23997
40	21	23645	23997
40	37	23994	24113
40	22	23766	24227
40	8	23997	24227
40	36	23997	24351
40	25	24350	24352
40	22	24352	24354
40	37	24352	24463
40	27	23997	24583
40	35	24352	24583
40	32	24350	24693
40	36	24463	24693
40	39	24350	24808
40	38	24583	24808
40	25	24693	24808
40	22	24808	24937
40	18	24808	24937
40	30	24937	25049
40	39	25049	25180
40	10	25049	25290
40	25	25054	25290
40	11	25180	25290
40	32	25049	25407
40	36	25049	25407
40	27	25292	25407
40	39	25407	25519
40	38	25049	25634
40	25	25519	25637
40	30	25519	25637
40	4	25519	25747
40	36	25747	25866
40	22	25519	25870
40	32	25866	25991
40	10	25519	25995
40	35	25637	25995
40	4	25875	25995
40	22	25995	26109
40	28	25634	26346
40	27	25866	26346
40	36	25991	26350
40	11	25519	26478
40	38	25875	26478
40	32	26229	26478
40	35	26346	27080
40	4	26834	27189
40	24	73163	73272
40	29	73163	73276
40	8	73272	73402
40	26	72786	73535
40	17	73521	73535
40	15	73272	73768
40	5	73768	73892
40	6	73768	73892
40	17	74003	74115
40	27	74003	74235
40	13	73655	74238
40	26	74115	74238
40	8	74355	75067
40	6	74949	75072
40	30	75067	75072
40	1	74727	75188
40	27	75310	75433
40	26	74839	75436
40	8	75433	75440
40	19	75433	75445
40	37	75436	75451
40	5	75436	75572
40	7	75569	75694
40	26	75451	75699
40	13	75813	75928
40	15	75813	75928
40	29	75569	76053
40	19	75813	76162
40	6	76050	76162
40	8	76053	76162
40	26	76050	76508
40	13	76508	76630
40	19	76512	76630
40	5	76630	76749
40	15	76749	76870
40	26	76749	76991
40	6	76870	76991
40	8	76991	77239
40	26	77363	77488
40	36	77488	77611
40	6	77606	77725
40	29	77725	77731
40	26	77725	77844
40	13	77363	78204
40	26	78204	78207
40	36	78200	78326
40	16	78207	78326
40	15	77961	78451
40	8	78204	78451
40	6	78451	78579
40	19	78579	78702
40	13	78818	78927
40	15	79038	79398
40	1	79284	79637
40	26	78576	80198
40	8	79398	80198
40	38	80087	80198
40	29	80426	80430
40	19	80552	80789
40	8	80552	81130
40	36	81016	81135
40	26	80430	81477
40	1	81130	81477
40	6	81248	81477
40	30	81840	81847
40	27	81840	81853
40	1	81840	81853
40	24	81840	81853
40	19	81847	81853
40	14	81847	81980
40	17	87510	87517
40	17	88618	88740
40	24	88747	88879
40	17	88879	88893
40	29	88879	88893
40	24	88900	88906
40	37	88879	89025
40	36	88747	89141
40	15	88747	89257
40	7	89025	89257
40	8	89633	89874
40	3	89748	89880
40	39	89512	89888
40	17	89264	90012
40	28	89888	90126
40	3	90012	90126
40	1	89874	90138
40	4	89880	90138
40	32	89874	90248
40	39	90131	90248
40	6	92400	92996
40	2	93229	93352
40	19	95545	95903
40	17	96032	96388
40	38	95296	96500
40	19	96614	96972
40	1	99213	99461
41	19	21374	21603
41	7	21374	21830
41	35	21713	21830
41	38	21828	21830
41	29	21828	21830
41	4	21603	21832
41	40	21713	21832
41	1	21713	21832
41	14	21828	21832
41	37	21828	21944
41	9	21828	21947
41	17	21944	21947
41	34	21947	22058
41	37	22059	22174
41	36	22059	22174
41	25	21246	22286
41	35	21947	22286
41	10	22174	22286
41	29	21947	22404
41	7	22058	22404
41	34	22286	22404
41	38	22059	22633
41	11	22514	22637
41	36	22637	22753
41	16	22637	22755
41	22	22869	22989
41	4	22753	23106
41	30	22869	23106
41	39	22869	23106
41	26	23106	23112
41	17	23106	23112
41	36	23106	23112
41	35	23109	23228
41	37	23112	23351
41	5	23228	23354
41	40	23354	23464
41	16	23354	23464
41	21	23109	23465
41	19	23354	23465
41	8	23464	23584
41	30	23465	23584
41	9	23465	23693
41	11	23465	23693
41	26	23584	23693
41	36	23693	23810
41	22	23810	23934
41	4	23810	23934
41	1	24049	24056
41	32	24179	24296
41	21	24179	24296
41	7	24056	24541
41	34	23693	25135
41	1	24541	25248
41	1	25963	26206
41	25	26325	26339
41	1	26600	26607
41	8	26857	26987
41	23	26982	26987
41	38	26982	27096
41	1	26982	27217
41	34	25481	27332
41	39	26857	27332
41	1	28433	29895
41	34	28560	30988
41	1	30260	31615
41	34	31232	32210
41	1	31961	32825
41	34	32457	32825
41	1	33072	33201
41	34	33201	33447
